X(mm)	Measured heigth (nm)	Residual Heigth (nm)	Slope (micror-rad)	Residual slope (microrad)
-221.34	18.05	-5.65	-0.137255	0.103532
-220.32	17.91	-5.55	-0.0294118	0.21
-219.30	17.99	-5.24	0.279412	0.51745
-218.28	18.48	-4.51	0.338235	0.574899
-217.26	18.68	-4.08	0.142157	0.377446
-216.24	18.77	-3.76	0.0196078	0.253523
-215.22	18.72	-3.58	-0.102941	0.1296
-214.20	18.56	-3.52	-0.181373	0.0497943
-213.18	18.35	-3.49	-0.343137	-0.113345
-212.16	17.86	-3.75	-0.328431	-0.100013
-211.14	17.68	-3.71	-0.0833333	0.143711
-210.12	17.69	-3.48	0.0343137	0.259984
-209.10	17.75	-3.19	-0.00980392	0.214492
-208.08	17.67	-3.05	-0.0294118	0.19351
-207.06	17.69	-2.81	-0.176471	0.0450766
-206.04	17.31	-2.96	-0.313725	-0.0935526
-205.02	17.05	-3.00	-0.166667	0.052132
-204.00	16.97	-2.87	0.0980392	0.315464
-202.98	17.25	-2.38	0.117647	0.333697
-201.96	17.21	-2.19	-0.127451	0.087225
-200.94	16.99	-2.20	-0.0539216	0.15938
-199.92	17.10	-1.88	0.0931373	0.305065
-198.90	17.18	-1.58	0.147059	0.357612
-197.88	17.40	-1.15	0.0980392	0.307218
-196.86	17.38	-0.97	-0.0490196	0.158785
-195.84	17.30	-0.84	-0.0735294	0.132901
-194.82	17.23	-0.70	-0.00980392	0.195252
-193.80	17.28	-0.44	0.0735294	0.277212
-192.78	17.38	-0.14	0.112745	0.315053
-191.76	17.51	0.20	-0.0637255	0.137208
-190.74	17.25	0.13	-0.151961	0.0475986
-189.72	17.20	0.29	-0.0980392	0.100146
-188.70	17.05	0.34	-0.176471	0.0203404
-187.68	16.84	0.33	-0.22549	-0.0300535
-186.66	16.59	0.27	-0.431373	-0.23731
-185.64	15.96	-0.16	-0.578431	-0.385743
-184.62	15.41	-0.51	-0.392157	-0.200843
-183.60	15.16	-0.56	-0.279412	-0.089472
-182.58	14.84	-0.70	-0.205882	-0.0173168
-181.56	14.74	-0.60	-0.117647	0.0695442
-180.54	14.60	-0.55	-0.147059	0.0387582
-179.52	14.44	-0.52	-0.0882353	0.0962075
-178.50	14.42	-0.35	-0.0392157	0.143853
-177.48	14.36	-0.22	-0.122549	0.0591453
-176.46	14.17	-0.23	-0.205882	-0.0255622
-175.44	13.94	-0.27	-0.22549	-0.0465443
-174.42	13.71	-0.31	-0.0490196	0.128552
-173.40	13.84	0.00	-0.0294118	0.146786
-172.38	13.65	-0.01	-0.25	-0.0751768
-171.36	13.33	-0.15	-0.294118	-0.120669
-170.34	13.05	-0.25	-0.230392	-0.0583174
-169.32	12.86	-0.27	-0.0882353	0.0824652
-168.30	12.87	-0.08	0.0245098	0.193836
-167.28	12.91	0.14	0.0343137	0.202266
-166.26	12.94	0.34	-0.0833333	0.0832444
-165.24	12.74	0.32	-0.220588	-0.0553847
-164.22	12.49	0.24	-0.254902	-0.0910726
-163.20	12.22	0.14	-0.240196	-0.077741
-162.18	12.00	0.09	-0.107843	0.0532377
-161.16	12.00	0.26	0.0539216	0.213628
-160.14	12.11	0.54	0.0490196	0.207352
-159.12	12.10	0.69	-0.142157	0.0148013
-158.10	11.82	0.58	-0.294118	-0.138534
-157.08	11.50	0.43	-0.20098	-0.0467707
-156.06	11.41	0.49	-0.0490196	0.103816
-155.04	11.40	0.65	-0.0882353	0.0632259
-154.02	11.23	0.64	-0.269608	-0.119521
-153.00	10.85	0.42	-0.362745	-0.214032
-151.98	10.49	0.22	-0.181373	-0.0340341
-150.96	10.48	0.36	-0.0147059	0.131258
-149.94	10.46	0.50	-0.0784314	0.0661587
-148.92	10.32	0.52	-0.0882353	0.0549805
-147.90	10.28	0.64	0.0147059	0.156547
-146.88	10.35	0.86	0.0392157	0.179683
-145.86	10.36	1.02	-0.0294118	0.109681
-144.84	10.29	1.10	-0.0588235	0.0788953
-143.82	10.24	1.19	-0.0539216	0.082423
-142.80	10.18	1.29	-0.161765	-0.0267943
-141.78	9.91	1.16	-0.279412	-0.145816
-140.76	9.61	1.01	-0.132353	-0.000131029
-139.74	9.64	1.18	-0.0637255	0.0671222
-138.72	9.48	1.17	-0.313725	-0.184252
-137.70	9.00	0.82	-0.436275	-0.308175
-136.68	8.59	0.56	-0.279412	-0.152687
-135.66	8.43	0.53	-0.171569	-0.0462179
-134.64	8.24	0.49	-0.367647	-0.243671
-133.62	7.68	0.06	-0.470588	-0.347986
-132.60	7.28	-0.21	-0.176471	-0.0552426
-131.58	7.32	-0.02	0	0.119854
-130.56	7.28	0.07	-0.171569	-0.0530891
-129.54	6.97	-0.11	-0.352941	-0.235836
-128.52	6.56	-0.39	-0.338235	-0.222504
-127.50	6.28	-0.53	-0.313725	-0.199369
-126.48	5.92	-0.77	-0.406863	-0.29388
-125.46	5.45	-1.11	-0.29902	-0.187411
-124.44	5.31	-1.12	0.122549	0.232783
-123.42	5.70	-0.60	0.318627	0.427487
-122.40	5.96	-0.22	0.117647	0.225133
-121.38	5.94	-0.12	-0.0784314	0.0276801
-120.36	5.80	-0.14	-0.0294118	0.0753255
-119.34	5.88	0.06	0.0637255	0.167088
-118.32	5.93	0.24	-0.112745	-0.0107564
-117.30	5.65	0.08	-0.323529	-0.222915
-116.28	5.27	-0.19	-0.362745	-0.263505
-115.26	4.91	-0.43	-0.284314	-0.186448
-114.24	4.69	-0.54	-0.186275	-0.0897827
-113.22	4.53	-0.58	-0.220588	-0.125471
-112.20	4.24	-0.76	-0.264706	-0.170963
-111.18	3.99	-0.90	-0.235294	-0.142925
-110.16	3.76	-1.01	-0.127451	-0.0364561
-109.14	3.73	-0.93	-0.147059	-0.0574382
-108.12	3.46	-1.10	-0.269608	-0.181361
-107.10	3.18	-1.27	-0.112745	-0.0258729
-106.08	3.23	-1.11	0.387255	0.472753
-105.06	3.97	-0.27	0.406863	0.490986
-104.04	4.06	-0.08	0.0637255	0.146475
-103.02	4.10	0.07	0.0196078	0.100983
-102.00	4.10	0.17	0.0784314	0.158432
-100.98	4.26	0.43	0.107843	0.18647
-99.96	4.32	0.59	-0.00490196	0.0723506
-98.94	4.25	0.62	-0.142157	-0.0662786
-97.92	4.03	0.49	-0.142157	-0.0676528
-96.90	3.96	0.51	0	0.0731298
-95.88	4.03	0.68	-0.00980392	0.0619517
-94.86	3.94	0.69	-0.0490196	0.0213617
-93.84	3.93	0.77	0.107843	0.17685
-92.82	4.16	1.09	0.151961	0.219594
-91.80	4.24	1.26	-0.00980392	0.0564547
-90.78	4.14	1.25	0.102941	0.167826
-89.76	4.45	1.64	0.220588	0.284098
-88.74	4.59	1.87	-0.0882353	-0.0260994
-87.72	4.27	1.64	-0.215686	-0.154925
-86.70	4.15	1.60	-0.0441176	0.0152698
-85.68	4.18	1.72	-0.132353	-0.0743397
-84.66	3.88	1.50	-0.313725	-0.257086
-83.64	3.54	1.23	-0.240196	-0.184931
-82.62	3.39	1.16	-0.0735294	-0.0196389
-81.60	3.39	1.24	-0.0686275	-0.0161112
-80.58	3.25	1.18	-0.137255	-0.0861128
-79.56	3.11	1.11	-0.132353	-0.0825851
-78.54	2.98	1.06	-0.0441176	0.00427594
-77.52	3.02	1.18	0.00980392	0.0568233
-76.50	3.00	1.23	-0.127451	-0.0818059
-75.48	2.76	1.05	-0.127451	-0.0831801
-74.46	2.74	1.11	-0.0343137	0.00858293
-73.44	2.69	1.13	0.0196078	0.0611303
-72.42	2.78	1.29	0.171569	0.211717
-71.40	3.04	1.61	0.0588235	0.0975975
-70.38	2.90	1.53	-0.514706	-0.477306
-69.36	1.99	0.69	-0.573529	-0.537504
-68.34	1.73	0.50	0.191176	0.225828
-67.32	2.38	1.21	0.990196	1.02347
-66.30	3.75	2.63	0.715686	0.747589
-65.28	3.84	2.78	0.0490196	0.0795481
-64.26	3.85	2.85	0.25	0.279154
-63.24	4.35	3.41	0.343137	0.370917
-62.22	4.55	3.67	-0.0392157	-0.0128099
-61.20	4.27	3.45	-0.289216	-0.264184
-60.18	3.96	3.19	0.00490196	0.0285593
-59.16	4.28	3.56	0.102941	0.125224
-58.14	4.17	3.50	0.0147059	0.0356148
-57.12	4.31	3.69	0.0882353	0.10777
-56.10	4.35	3.78	0.0588235	0.076984
-55.08	4.43	3.90	-0.00490196	0.0118842
-54.06	4.34	3.86	-0.0490196	-0.0336077
-53.04	4.33	3.90	-0.0343137	-0.020276
-52.02	4.27	3.89	-0.156863	-0.144199
-51.00	4.01	3.67	-0.186275	-0.174985
-49.98	3.89	3.59	-0.0441176	-0.0342026
-48.96	3.92	3.66	-0.0245098	-0.015969
-47.94	3.84	3.62	-0.0490196	-0.0418531
-46.92	3.82	3.64	-0.0294118	-0.0236195
-45.90	3.78	3.64	-0.0637255	-0.0593074
-44.88	3.69	3.58	-0.0882353	-0.0851915
-43.86	3.60	3.53	-0.0784314	-0.0767618
-42.84	3.53	3.50	-0.0882353	-0.0879399
-41.82	3.42	3.41	-0.156863	-0.157942
-40.80	3.21	3.23	-0.181373	-0.183826
-39.78	3.05	3.10	-0.166667	-0.170494
-38.76	2.87	2.96	-0.0980392	-0.103241
-37.74	2.85	2.97	-0.0343137	-0.0408895
-36.72	2.80	2.94	-0.0294118	-0.0373618
-35.70	2.79	2.96	-0.0196078	-0.0289321
-34.68	2.76	2.95	-0.122549	-0.133248
-33.66	2.54	2.75	-0.215686	-0.227759
-32.64	2.32	2.56	-0.142157	-0.155604
-31.62	2.25	2.51	-0.127451	-0.142272
-30.60	2.06	2.34	-0.107843	-0.124039
-29.58	2.03	2.32	0.112745	0.0951754
-28.56	2.29	2.60	0.176471	0.157527
-27.54	2.39	2.72	-0.00980392	-0.0301221
-26.52	2.27	2.62	-0.0539216	-0.075614
-25.50	2.28	2.64	0.0637255	0.0406589
-24.48	2.40	2.77	0.147059	0.122618
-23.46	2.58	2.96	0.0931373	0.0673222
-22.44	2.59	2.98	0.102941	0.0757519
-21.42	2.79	3.19	0.171569	0.143005
-20.40	2.94	3.35	0.107843	0.0779053
-19.38	3.01	3.43	0.0637255	0.0324135
-18.36	3.07	3.50	0.127451	0.0947647
-17.34	3.27	3.70	0.137255	0.103194
-16.32	3.35	3.78	-0.0245098	-0.0599445
-15.30	3.22	3.66	-0.122549	-0.159358
-14.28	3.10	3.54	-0.0588235	-0.0970067
-13.26	3.10	3.54	0	-0.0395574
-12.24	3.10	3.54	-0.00980392	-0.0507356
-11.22	3.08	3.51	-0.0980392	-0.140345
-10.20	2.90	3.33	-0.137255	-0.180935
-9.18	2.80	3.23	-0.0784314	-0.123486
-8.16	2.74	3.16	-0.0637255	-0.110154
-7.14	2.67	3.09	-0.102941	-0.150744
-6.12	2.53	2.94	-0.0490196	-0.0981967
-5.10	2.57	2.97	0.0294118	-0.0211395
-4.08	2.59	2.98	-0.0490196	-0.100945
-3.06	2.47	2.85	-0.0931373	-0.146437
-2.04	2.40	2.76	-0.107843	-0.162517
-1.02	2.25	2.60	0.00980392	-0.0462443
0.00	2.42	2.75	0.181373	0.12395
1.02	2.62	2.94	0.0196078	-0.0391889
2.04	2.46	2.76	-0.127451	-0.187622
3.06	2.36	2.64	0.156863	0.0953176
4.08	2.78	3.04	0.210784	0.147865
5.10	2.79	3.03	-0.328431	-0.392725
6.12	2.11	2.33	-0.269608	-0.335276
7.14	2.24	2.44	-0.0686275	-0.13567
8.16	1.97	2.14	-0.0931373	-0.161554
9.18	2.05	2.20	0.0294118	-0.0403788
10.20	2.03	2.15	-0.122549	-0.193714
11.22	1.80	1.89	0.0294118	-0.0431273
12.24	2.09	2.16	0.122549	0.0486357
13.26	2.05	2.09	-0.0980392	-0.173327
14.28	1.89	1.90	-0.0833333	-0.159995
15.30	1.88	1.85	0.0441176	-0.0339184
16.32	1.98	1.92	0.186275	0.106864
17.34	2.26	2.17	0.127451	0.0466665
18.36	2.24	2.10	0.0147059	-0.0674528
19.38	2.29	2.12	0.0882353	0.00470235
20.40	2.42	2.21	0.107843	0.022936
21.42	2.51	2.26	0.102941	0.0166598
22.44	2.63	2.34	0.102941	0.0152855
23.46	2.72	2.38	0.0588235	-0.0302064
24.48	2.75	2.38	0.00490196	-0.0855022
25.50	2.73	2.31	-0.0343137	-0.126092
26.52	2.68	2.22	-0.0637255	-0.156878
27.54	2.60	2.09	-0.0931373	-0.187664
28.56	2.49	1.93	-0.00980392	-0.105705
29.58	2.58	1.97	0.0735294	-0.0237459
30.60	2.64	1.99	0.0784314	-0.0202182
31.62	2.74	2.03	0.0784314	-0.0215924
32.64	2.80	2.04	0.0196078	-0.0817902
33.66	2.78	1.97	-0.0980392	-0.200811
34.68	2.60	1.74	-0.142157	-0.246303
35.70	2.49	1.56	-0.00980392	-0.115325
36.72	2.58	1.60	0.0931373	-0.0137577
37.74	2.68	1.64	0.0441176	-0.0641515
38.76	2.67	1.57	-0.485294	-0.594938
39.78	1.69	0.53	-0.539216	-0.650233
40.80	1.57	0.35	-0.102941	-0.215333
41.82	1.48	0.20	-0.107843	-0.221609
42.84	1.35	0.01	-0.117647	-0.232787
43.86	1.24	-0.18	-0.107843	-0.224358
44.88	1.13	-0.35	-0.147059	-0.264948
45.90	0.94	-0.61	-0.0833333	-0.202596
46.92	0.96	-0.65	0.0392157	-0.0814216
47.94	1.02	-0.66	-0.0294118	-0.151423
48.96	0.90	-0.86	-0.0833333	-0.206719
49.98	0.85	-0.98	0.0882353	-0.0365247
51.00	1.08	-0.82	0.142157	0.0160226
52.02	1.14	-0.84	-0.0245098	-0.152018
53.04	1.03	-1.02	-0.0490196	-0.177902
54.06	1.04	-1.09	0.0196078	-0.110649
55.08	1.07	-1.13	0.0196078	-0.112023
56.10	1.08	-1.20	-0.0441176	-0.177123
57.12	0.98	-1.38	-0.0686275	-0.203007
58.14	0.94	-1.50	0.00490196	-0.130852
59.16	0.99	-1.54	-0.0147059	-0.151834
60.18	0.91	-1.70	-0.107843	-0.246345
61.20	0.77	-1.93	-0.0931373	-0.233014
62.22	0.72	-2.06	-0.0343137	-0.175565
63.24	0.70	-2.17	-0.0441176	-0.186743
64.26	0.63	-2.32	0.0441176	-0.0998816
65.28	0.79	-2.26	0.0833333	-0.0620402
66.30	0.80	-2.34	-0.0784314	-0.225179
67.32	0.63	-2.60	-0.127451	-0.275573
68.34	0.54	-2.79	0.0735294	-0.0759668
69.36	0.78	-2.63	0.416667	0.265796
70.38	1.39	-2.12	0.25	0.0977553
71.40	1.29	-2.32	-0.0392157	-0.192835
72.42	1.31	-2.40	0.0735294	-0.0814637
73.44	1.44	-2.37	0.0980392	-0.0583282
74.46	1.51	-2.39	-0.563725	-0.721467
75.48	0.29	-3.71	-0.637255	-0.796371
76.50	0.21	-3.90	-0.0245098	-0.185
77.52	0.24	-3.97	-0.0392157	-0.20108
78.54	0.13	-4.18	-0.102941	-0.26618
79.56	0.03	-4.39	-0.0637255	-0.228338
80.58	0.00	-4.53	0.0833333	-0.0826537
81.60	0.20	-4.43	0.0588235	-0.108538
82.62	0.12	-4.62	-0.0294118	-0.198147
83.64	0.14	-4.72	0.0931373	-0.0769725
84.66	0.31	-4.65	0.0294118	-0.142072
85.68	0.20	-4.88	0.0686275	-0.104231
86.70	0.45	-4.75	0.0294118	-0.144821
87.72	0.26	-5.05	-0.117647	-0.293254
88.74	0.21	-5.22	0.151961	-0.0250201
89.76	0.57	-4.98	0.0833333	-0.0950218
90.78	0.38	-5.29	-0.0294118	-0.209141
91.80	0.51	-5.27	0.0931373	-0.0879664
92.82	0.57	-5.33	0.0490196	-0.133458
93.84	0.61	-5.41	0.0882353	-0.0956168
94.86	0.75	-5.40	0.186275	0.00104819
95.88	0.99	-5.29	0.176471	-0.01013
96.90	1.11	-5.29	0.181373	-0.00660224
97.92	1.36	-5.17	0.171569	-0.0177804
98.94	1.46	-5.20	0.0931373	-0.097586
99.96	1.55	-5.23	0.0931373	-0.0989602
100.98	1.65	-5.26	0.0490196	-0.144452
102.00	1.65	-5.39	-0.0735294	-0.268375
103.02	1.50	-5.68	-0.151961	-0.348181
104.04	1.34	-5.97	-0.147059	-0.344653
105.06	1.20	-6.24	-0.0686275	-0.267596
106.08	1.20	-6.38	-0.0196078	-0.219951
107.10	1.16	-6.56	-0.0196078	-0.221325
108.12	1.16	-6.70	0.0441176	-0.158974
109.14	1.25	-6.75	0.112745	-0.0917205
110.16	1.39	-6.75	0.0539216	-0.151918
111.18	1.36	-6.92	0.0196078	-0.187606
112.20	1.43	-7.00	0.0588235	-0.149765
113.22	1.48	-7.09	0.0686275	-0.141335
114.24	1.57	-7.14	0.230392	0.0190554
115.26	1.95	-6.90	0.289216	0.0765047
116.28	2.16	-6.85	0.147059	-0.0670264
117.30	2.25	-6.90	0.191176	-0.024283
118.32	2.55	-6.75	0.29902	0.0821859
119.34	2.86	-6.60	0.328431	0.110223
120.36	3.22	-6.39	0.29902	0.0794374
121.38	3.47	-6.29	0.284314	0.0633573
122.40	3.80	-6.12	0.259804	0.0374733
123.42	4.00	-6.08	0.176471	-0.0472343
124.44	4.16	-6.07	0.107843	-0.117236
125.46	4.22	-6.16	0.176471	-0.0499828
126.48	4.52	-6.02	0.235294	0.00746652
127.50	4.70	-6.01	0.348039	0.118837
128.52	5.23	-5.64	0.480392	0.249816
129.54	5.68	-5.35	0.573529	0.341579
130.56	6.40	-4.79	0.509804	0.276479
131.58	6.72	-4.64	0.323529	0.0888306
132.60	7.06	-4.47	0.431373	0.1953
133.62	7.60	-4.09	0.519608	0.282161
134.64	8.12	-3.74	0.446078	0.207257
135.66	8.51	-3.53	0.382353	0.142157
136.68	8.90	-3.31	0.303922	0.0623516
137.70	9.13	-3.24	0.147059	-0.0958854
138.72	9.20	-3.35	0.181373	-0.0629459
139.74	9.50	-3.23	0.308824	0.0631309
140.76	9.83	-3.07	0.254902	0.00783507
141.78	10.02	-3.06	0.220588	-0.0278529
142.80	10.28	-2.98	0.269608	0.0197925
143.82	10.57	-2.86	0.27451	0.0233202
144.84	10.84	-2.78	0.343137	0.0905734
145.86	11.27	-2.52	0.392157	0.138219
146.88	11.64	-2.34	0.29902	0.0437073
147.90	11.88	-2.29	0.303922	0.047235
148.92	12.26	-2.08	0.416667	0.158606
149.94	12.73	-1.80	0.441176	0.181741
150.96	13.16	-1.56	0.362745	0.101936
151.98	13.47	-1.44	0.196078	-0.066105
153.00	13.56	-1.54	0.117647	-0.145911
154.02	13.71	-1.58	0.279412	0.0144798
155.04	14.13	-1.36	0.490196	0.22389
156.06	14.71	-0.97	0.436275	0.168594
157.08	15.02	-0.85	0.156863	-0.112192
158.10	15.03	-1.04	0.0343137	-0.236115
159.12	15.09	-1.18	0.102941	-0.168862
160.14	15.24	-1.22	0.161765	-0.111413
161.16	15.42	-1.24	0.181373	-0.093179
162.18	15.61	-1.25	0.181373	-0.0945533
163.20	15.79	-1.27	0.181373	-0.0959275
164.22	15.98	-1.29	0.196078	-0.0825959
165.24	16.19	-1.28	0.240196	-0.0398524
166.26	16.47	-1.20	0.348039	0.0666165
167.28	16.90	-0.98	0.411765	0.128968
168.30	17.31	-0.77	0.25	-0.0341712
169.32	17.41	-0.88	0.0490196	-0.236526
170.34	17.41	-1.10	0.0931373	-0.193782
171.36	17.60	-1.11	0.240196	-0.0480979
172.38	17.90	-1.03	0.338235	0.0485671
173.40	18.29	-0.85	0.421569	0.130526
174.42	18.76	-0.60	0.397059	0.104642
175.44	19.10	-0.47	0.328431	0.0346405
176.46	19.43	-0.35	0.377451	0.0822859
177.48	19.87	-0.13	0.372549	0.0760097
178.50	20.19	-0.03	0.240196	-0.0577175
179.52	20.36	-0.08	0.215686	-0.0836015
180.54	20.63	-0.03	0.343137	0.0424752
181.56	21.06	0.17	0.362745	0.0607088
182.58	21.37	0.26	0.279412	-0.0239987
183.60	21.63	0.30	0.362745	0.0579604
184.62	22.11	0.55	0.509804	0.203645
185.64	22.67	0.89	0.534314	0.226781
186.66	23.20	1.19	0.519608	0.2107
187.68	23.73	1.49	0.480392	0.17011
188.70	24.18	1.71	0.460784	0.149128
189.72	24.67	1.96	0.495098	0.182068
190.74	25.19	2.25	0.519608	0.205203
191.76	25.73	2.56	0.568627	0.252849
192.78	26.35	2.95	0.54902	0.231867
193.80	26.85	3.21	0.465686	0.147159
194.82	27.30	3.42	0.485294	0.165393
195.84	27.84	3.72	0.529412	0.208136
196.86	28.38	4.02	0.558824	0.236174
197.88	28.98	4.38	0.519608	0.195584
198.90	29.44	4.60	0.45098	0.125582
199.92	29.90	4.82	0.485294	0.158522
200.94	30.43	5.10	0.426471	0.0983239
201.96	30.77	5.19	0.303922	-0.0255994
202.98	31.05	5.23	0.372549	0.0416538
204.00	31.53	5.46	0.446078	0.113809
205.02	31.96	5.64	0.333333	-0.000310344
206.04	32.21	5.64	0.22549	-0.109528
207.06	32.42	5.60	0.205882	-0.13051
208.08	32.63	5.56	0.132353	-0.205413
209.10	32.69	5.37	-0.00490196	-0.344043
210.12	32.62	5.04	-0.0784314	-0.418946
211.14	32.53	4.69	-0.0539216	-0.395811
212.16	32.51	4.42	0.0147059	-0.328557
213.18	32.56	4.21	0.107843	-0.236794
214.20	32.73	4.12	0.284314	-0.0616981
215.22	33.14	4.27	0.519608	0.172222
216.24	33.79	4.66	0.691176	0.342416
217.26	34.55	5.15	0.784314	0.434179
218.28	35.39	5.73	0.985294	0.633785
219.30	36.56	6.64	1.27451	0.921627
220.32	37.99	7.80	1.42157	1.06731
221.34	39.46	9.00	1.47059	1.11496
222.36	40.99	10.26	1.52941	1.17241
223.38	42.58	11.58	1.47059	1.11221
224.40	43.99	12.72	1.38235	1.0226
