#measuring device: BESSY-NOM
#slope profile along central axis in medidional direction
#grating blank for beamline P04 at PETRA-III, energy range: 100-3000eV
#finishing: classical polishing
#scan length [mm]: 127
#dx [mm] :0.2
#Object-XSize :145
#Object-YSize :30
#residual slope [urad]: 0.18
#radius of curvature [km]: 152
#x-position [mm]; y-slope [urad]
8.00	-1.525017
8.20	-1.165693
8.40	-1.002925
8.60	-0.942124
8.80	-0.902291
9.00	-0.859536
9.20	-0.817119
9.40	-0.812948
9.60	-0.807651
9.80	-0.780087
10.00	-0.749737
10.20	-0.735866
10.40	-0.741505
10.60	-0.739480
10.80	-0.701586
11.00	-0.675911
11.20	-0.657926
11.40	-0.631484
11.60	-0.596973
11.80	-0.584926
12.00	-0.568013
12.20	-0.568946
12.40	-0.542314
12.60	-0.530403
12.80	-0.537825
13.00	-0.505249
13.20	-0.497074
13.40	-0.527624
13.60	-0.528343
13.80	-0.515556
14.00	-0.505761
14.20	-0.492404
14.40	-0.492905
14.60	-0.505789
14.80	-0.501250
15.00	-0.481690
15.20	-0.458408
15.40	-0.479751
15.60	-0.521859
15.80	-0.495715
16.00	-0.481078
16.20	-0.481427
16.40	-0.492598
16.60	-0.473920
16.80	-0.481549
17.00	-0.488156
17.20	-0.491357
17.40	-0.459682
17.60	-0.444397
17.80	-0.428954
18.00	-0.427920
18.20	-0.370673
18.40	-0.351662
18.60	-0.338263
18.80	-0.331034
19.00	-0.321450
19.20	-0.306255
19.40	-0.328171
19.60	-0.351632
19.80	-0.315785
20.00	-0.300604
20.20	-0.300675
20.40	-0.322240
20.60	-0.302462
20.80	-0.263081
21.00	-0.260569
21.20	-0.272779
21.40	-0.269226
21.60	-0.245608
21.80	-0.232042
22.00	-0.284663
22.20	-0.292606
22.40	-0.262575
22.60	-0.262606
22.80	-0.267460
23.00	-0.256505
23.20	-0.242292
23.40	-0.239402
23.60	-0.256022
23.80	-0.266238
24.00	-0.280989
24.20	-0.307415
24.40	-0.321085
24.60	-0.307822
24.80	-0.273756
25.00	-0.255823
25.20	-0.230342
25.40	-0.232209
25.60	-0.203687
25.80	-0.192483
26.00	-0.202048
26.20	-0.201117
26.40	-0.187781
26.60	-0.174551
26.80	-0.160215
27.00	-0.166963
27.20	-0.164081
27.40	-0.166759
27.60	-0.148844
27.80	-0.186347
28.00	-0.209740
28.20	-0.184987
28.40	-0.194176
28.60	-0.231251
28.80	-0.254794
29.00	-0.251571
29.20	-0.228756
29.40	-0.266393
29.60	-0.287973
29.80	-0.290491
30.00	-0.306430
30.20	-0.335284
30.40	-0.334298
30.60	-0.321260
30.80	-0.296361
31.00	-0.289275
31.20	-0.283086
31.40	-0.257495
31.60	-0.234447
31.80	-0.223711
32.00	-0.219748
32.20	-0.239543
32.40	-0.240165
32.60	-0.217751
32.80	-0.212566
33.00	-0.221054
33.20	-0.195750
33.40	-0.178125
33.60	-0.179333
33.80	-0.152189
34.00	-0.126580
34.20	-0.119182
34.40	-0.118620
34.60	-0.107689
34.80	-0.085733
35.00	-0.064855
35.20	-0.024637
35.40	-0.025268
35.60	-0.002241
35.80	0.007972
36.00	-0.024811
36.20	-0.045353
36.40	-0.042008
36.60	-0.033381
36.80	-0.028010
37.00	-0.047942
37.20	-0.034880
37.40	-0.026617
37.60	-0.022678
37.80	-0.033696
38.00	-0.052164
38.20	-0.048887
38.40	-0.032835
38.60	-0.027210
38.80	-0.027727
39.00	-0.006609
39.20	-0.021692
39.40	-0.043019
39.60	-0.038327
39.80	-0.003525
40.00	0.016612
40.20	0.007048
40.40	0.004170
40.60	0.025541
40.80	0.043331
41.00	0.054693
41.20	0.050813
41.40	0.045730
41.60	0.073664
41.80	0.090960
42.00	0.094086
42.20	0.116104
42.40	0.164359
42.60	0.157996
42.80	0.145918
43.00	0.124275
43.20	0.118761
43.40	0.096028
43.60	0.070751
43.80	0.031362
44.00	0.010184
44.20	-0.003724
44.40	-0.001499
44.60	0.035880
44.80	0.038824
45.00	0.039291
45.20	0.049805
45.40	0.028202
45.60	0.037281
45.80	0.058066
46.00	0.043147
46.20	0.041431
46.40	0.063897
46.60	0.050427
46.80	0.018046
47.00	0.004202
47.20	-0.006481
47.40	-0.017198
47.60	-0.005774
47.80	0.008560
48.00	0.037773
48.20	0.053368
48.40	0.050032
48.60	0.073342
48.80	0.075310
49.00	0.070702
49.20	0.054608
49.40	0.037630
49.60	0.053922
49.80	0.064546
50.00	0.046451
50.20	0.072683
50.40	0.080349
50.60	0.062724
50.80	0.059947
51.00	0.061525
51.20	0.052729
51.40	0.042245
51.60	0.047556
51.80	0.027027
52.00	0.029998
52.20	0.025534
52.40	0.005651
52.60	-0.007415
52.80	-0.004382
53.00	0.016677
53.20	0.000247
53.40	0.012679
53.60	0.025675
53.80	0.053041
54.00	0.069480
54.20	0.066940
54.40	0.066456
54.60	0.052606
54.80	0.061117
55.00	0.053290
55.20	0.042062
55.40	0.036399
55.60	0.029073
55.80	0.011961
56.00	-0.034216
56.20	-0.040750
56.40	-0.040562
56.60	-0.038025
56.80	-0.046389
57.00	-0.051067
57.20	-0.027009
57.40	-0.028618
57.60	-0.037755
57.80	-0.000253
58.00	0.005731
58.20	0.027707
58.40	0.039466
58.60	0.029964
58.80	0.063382
59.00	0.079046
59.20	0.034601
59.40	0.045421
59.60	0.060855
59.80	0.096446
60.00	0.107819
60.20	0.081522
60.40	0.076258
60.60	0.094754
60.80	0.100691
61.00	0.071270
61.20	0.061579
61.40	0.059542
61.60	0.062874
61.80	0.050514
62.00	0.049290
62.20	0.063246
62.40	0.054647
62.60	0.029280
62.80	0.024475
63.00	0.025178
63.20	0.036662
63.40	0.050244
63.60	0.044379
63.80	0.028970
64.00	0.028608
64.20	0.043307
64.40	0.053360
64.60	0.042356
64.80	0.037499
65.00	0.035553
65.20	0.035349
65.40	0.063130
65.60	0.075919
65.80	0.062187
66.00	0.044407
66.20	0.043834
66.40	0.015834
66.60	0.003196
66.80	-0.016672
67.00	-0.017254
67.20	-0.048749
67.40	-0.049974
67.60	-0.063870
67.80	-0.078522
68.00	-0.055217
68.20	-0.050320
68.40	-0.034200
68.60	-0.021455
68.80	-0.008492
69.00	-0.010169
69.20	-0.068806
69.40	-0.077141
69.60	-0.075280
69.80	-0.076485
70.00	-0.085529
70.20	-0.099583
70.40	-0.107379
70.60	-0.116147
70.80	-0.115593
71.00	-0.104044
71.20	-0.108124
71.40	-0.096642
71.60	-0.061444
71.80	-0.060029
72.00	-0.053771
72.20	-0.034810
72.40	-0.034878
72.60	-0.063528
72.80	-0.084298
73.00	-0.075241
73.20	-0.071079
73.40	-0.082078
73.60	-0.094351
73.80	-0.054225
74.00	-0.035725
74.20	-0.025526
74.40	-0.000359
74.60	-0.005132
74.80	0.002469
75.00	0.010454
75.20	-0.011117
75.40	-0.050574
75.60	-0.053040
75.80	-0.059872
76.00	-0.063143
76.20	-0.058924
76.40	-0.045080
76.60	-0.016097
76.80	-0.023841
77.00	-0.025580
77.20	-0.009692
77.40	-0.012018
77.60	-0.022637
77.80	-0.045509
78.00	-0.070982
78.20	-0.065212
78.40	-0.056087
78.60	-0.048272
78.80	-0.034391
79.00	-0.045652
79.20	-0.044106
79.40	-0.026203
79.60	-0.020935
79.80	-0.026331
80.00	-0.022488
80.20	-0.007452
80.40	0.013347
80.60	0.009864
80.80	-0.004012
81.00	0.013371
81.20	0.004903
81.40	-0.011200
81.60	-0.013173
81.80	-0.050812
82.00	-0.056969
82.20	-0.032997
82.40	-0.012598
82.60	-0.013667
82.80	-0.006955
83.00	-0.017279
83.20	-0.046690
83.40	-0.072629
83.60	-0.066001
83.80	-0.071116
84.00	-0.098568
84.20	-0.113927
84.40	-0.096808
84.60	-0.080600
84.80	-0.083992
85.00	-0.066297
85.20	-0.027936
85.40	-0.030380
85.60	-0.044040
85.80	-0.047478
86.00	-0.059023
86.20	-0.066053
86.40	-0.058046
86.60	-0.047756
86.80	-0.050553
87.00	-0.057673
87.20	-0.052203
87.40	-0.036461
87.60	-0.045423
87.80	-0.063708
88.00	-0.066901
88.20	-0.066157
88.40	-0.070872
88.60	-0.105281
88.80	-0.111294
89.00	-0.092713
89.20	-0.102177
89.40	-0.126597
89.60	-0.140145
89.80	-0.149126
90.00	-0.193506
90.20	-0.235109
90.40	-0.232907
90.60	-0.220460
90.80	-0.224843
91.00	-0.200062
91.20	-0.139697
91.40	-0.085902
91.60	-0.030357
91.80	-0.000305
92.00	0.003430
92.20	0.040392
92.40	0.057041
92.60	0.039919
92.80	0.033130
93.00	0.046138
93.20	0.046754
93.40	0.031386
93.60	0.041450
93.80	0.054639
94.00	0.046858
94.20	0.030704
94.40	0.033553
94.60	0.028064
94.80	0.033436
95.00	0.014139
95.20	0.014473
95.40	0.021762
95.60	0.016097
95.80	-0.001074
96.00	0.020674
96.20	0.035618
96.40	0.012912
96.60	-0.010836
96.80	-0.037667
97.00	-0.055338
97.20	-0.085484
97.40	-0.103237
97.60	-0.103172
97.80	-0.104875
98.00	-0.115754
98.20	-0.113812
98.40	-0.120520
98.60	-0.112094
98.80	-0.110843
99.00	-0.118583
99.20	-0.082806
99.40	-0.081086
99.60	-0.075577
99.80	-0.078108
100.00	-0.078983
100.20	-0.058209
100.40	-0.039519
100.60	-0.016152
100.80	0.011907
101.00	0.028189
101.20	0.063197
101.40	0.080813
101.60	0.088667
101.80	0.082236
102.00	0.088594
102.20	0.078164
102.40	0.072459
102.60	0.090128
102.80	0.093052
103.00	0.067168
103.20	0.067933
103.40	0.074826
103.60	0.092038
103.80	0.091987
104.00	0.108836
104.20	0.109621
104.40	0.114416
104.60	0.126212
104.80	0.134917
105.00	0.110176
105.20	0.097508
105.40	0.114033
105.60	0.105008
105.80	0.079724
106.00	0.074264
106.20	0.077982
106.40	0.089424
106.60	0.075419
106.80	0.070765
107.00	0.046495
107.20	0.034093
107.40	0.025658
107.60	-0.004690
107.80	0.004484
108.00	0.008135
108.20	0.012733
108.40	0.011150
108.60	0.019540
108.80	0.027647
109.00	0.030060
109.20	0.029416
109.40	0.039342
109.60	0.057059
109.80	0.097945
110.00	0.130878
110.20	0.144932
110.40	0.167971
110.60	0.203230
110.80	0.194319
111.00	0.205288
111.20	0.222247
111.40	0.232896
111.60	0.255603
111.80	0.268255
112.00	0.257857
112.20	0.272650
112.40	0.250830
112.60	0.249552
112.80	0.248768
113.00	0.248351
113.20	0.222787
113.40	0.213788
113.60	0.225306
113.80	0.214549
114.00	0.198648
114.20	0.206311
114.40	0.232831
114.60	0.250005
114.80	0.232282
115.00	0.255936
115.20	0.277516
115.40	0.282039
115.60	0.285650
115.80	0.289384
116.00	0.293036
116.20	0.295869
116.40	0.279794
116.60	0.277556
116.80	0.270326
117.00	0.271247
117.20	0.277789
117.40	0.262063
117.60	0.247675
117.80	0.214763
118.00	0.191208
118.20	0.166596
118.40	0.164722
118.60	0.139163
118.80	0.147485
119.00	0.162260
119.20	0.155511
119.40	0.164092
119.60	0.195876
119.80	0.217074
120.00	0.259878
120.20	0.311134
120.40	0.373111
120.60	0.406833
120.80	0.427798
121.00	0.462636
121.20	0.494874
121.40	0.484566
121.60	0.455252
121.80	0.439428
122.00	0.419041
122.20	0.432161
122.40	0.436294
122.60	0.403240
122.80	0.399269
123.00	0.408527
123.20	0.382592
123.40	0.376933
123.60	0.386540
123.80	0.376856
124.00	0.358926
124.20	0.366300
124.40	0.414354
124.60	0.441395
124.80	0.428468
125.00	0.449197
125.20	0.476205
125.40	0.509398
125.60	0.508325
125.80	0.476239
126.00	0.473055
126.20	0.501105
126.40	0.501814
126.60	0.496826
126.80	0.524400
127.00	0.571380
127.20	0.557753
127.40	0.525966
127.60	0.528240
127.80	0.551404
128.00	0.549443
128.20	0.540425
128.40	0.540869
128.60	0.518121
128.80	0.510657
129.00	0.506956
129.20	0.500955
129.40	0.509084
129.60	0.526047
129.80	0.525681
130.00	0.512890
130.20	0.514275
130.40	0.533047
130.60	0.553563
130.80	0.566646
131.00	0.584266
131.20	0.597717
131.40	0.631785
131.60	0.659284
131.80	0.667336
132.00	0.671795
132.20	0.712892
132.40	0.734484
132.60	0.714845
132.80	0.719773
133.00	0.726393
133.20	0.757264
133.40	0.756456
133.60	0.765547
133.80	0.772842
134.00	0.771789
134.20	0.803388
134.40	0.860834
134.60	0.893175
134.80	0.984275
135.00	1.277289
