8.230452674897119181e+00 8.980998536144332406e-11 1.988986406881359762e-07 1.000000000000000000e+00 1.000000000000000000e+00
1.649519890260631172e+01 7.611204341887102024e-12 5.034136296461267127e-08 8.505649286433658585e-02 2.630909149028043403e-01
2.475994513031550071e+01 2.142843110099460031e-12 2.243090066560969862e-08 4.034574844242810876e-02 1.623911743580302991e-01
3.302469135802469680e+01 9.611874633693716869e-13 1.263614271508069267e-08 2.654808919677342782e-02 1.179618286445179853e-01
4.128943758573387868e+01 5.427103450283541338e-13 8.093149603972303067e-09 1.993299798973469095e-02 9.272079308471903314e-02
4.955418381344307477e+01 3.495541051895258360e-13 5.620304688298972270e-09 1.602927587801494802e-02 7.640163939823252370e-02
5.781893004115227086e+01 2.447779148726621697e-13 4.129804914446870138e-09 1.343760099621571502e-02 6.497213211049079895e-02
6.608367626886145274e+01 1.814779894100903665e-13 3.167628046438607320e-09 1.158303208585065303e-02 5.650834999165266215e-02
7.434842249657064883e+01 1.402648883275456032e-13 2.505481872800350246e-09 1.018548334732405358e-02 4.998060128464265617e-02
8.261316872427983071e+01 1.118014337372989384e-13 2.031855745833061060e-09 9.091964410222974635e-03 4.479183257917951355e-02
9.087791495198902680e+01 9.135662100011507040e-14 1.681423307964705178e-09 8.211497725413186011e-03 4.056631306144331539e-02
9.914266117969820868e+01 7.612926686209326686e-14 1.414933678478392834e-09 7.486218032667024680e-03 3.705699601076317684e-02
1.074074074074074190e+02 6.446023366455282193e-14 1.207067655817906725e-09 6.877819177323218902e-03 3.409526893488357135e-02
1.156721536351166009e+02 5.530899029557495910e-14 1.041989536013702327e-09 6.359813594151830785e-03 3.156202418254550057e-02
1.239368998628257970e+02 4.802280348911978766e-14 9.096815051293435336e-10 5.913117302847492596e-03 2.936910081444477072e-02
1.322016460905349788e+02 4.211536478893838689e-14 8.010421602590625895e-10 5.523620007086171846e-03 2.745097574639987492e-02
1.404663923182441749e+02 3.724460860894780097e-14 7.106112971389015722e-10 5.180822755647795930e-03 2.575919823959205157e-02
1.487311385459533426e+02 3.319056189606409363e-14 6.346457989203444057e-10 4.876675310635847360e-03 2.425611108773373381e-02
1.569958847736625387e+02 2.977846089326313078e-14 5.709790739951251120e-10 4.604846258843053874e-03 2.291100297558401611e-02
1.652606310013717348e+02 2.687765863390346524e-14 5.165709671973402222e-10 4.360332613495665477e-03 2.169921683564290937e-02
1.735253772290809309e+02 2.439043446397222211e-14 4.694126248245401489e-10 4.139124085772327710e-03 2.060189539140688808e-02
1.817901234567900985e+02 2.224289739467894453e-14 4.290669844734806788e-10 3.937956016646371182e-03 1.960302845927419657e-02
1.900548696844992946e+02 2.037468242187214239e-14 3.934690826496385073e-10 3.754146726876461670e-03 1.868948171804207803e-02
1.983196159122085191e+02 1.873919718985264255e-14 3.624810587782710272e-10 3.585478709389966490e-03 1.785063773527328923e-02
2.065843621399177152e+02 1.730003270431141191e-14 3.345256118498150272e-10 3.430094555504581422e-03 1.707783501138238069e-02
2.148491083676268829e+02 1.602310265708682887e-14 3.099971290441764652e-10 3.286442473828699029e-03 1.636376388971161333e-02
2.231138545953360790e+02 1.489084966050473711e-14 2.888192907950325819e-10 3.153194604654130373e-03 1.570079534081569861e-02
2.313786008230452751e+02 1.387750339483879210e-14 2.693048207465364550e-10 3.029210872312226854e-03 1.508328033082095843e-02
2.396433470507544712e+02 1.297085564189906381e-14 2.517711048147002319e-10 2.913515696831847634e-03 1.450710512802122487e-02
2.479080932784636389e+02 1.215215059526464464e-14 2.359386226232619874e-10 2.805267583046888724e-03 1.396812934323243827e-02
2.561728395061728065e+02 1.141229340885092872e-14 2.218681359577780539e-10 2.703745563298887156e-03 1.346246773663595242e-02
2.644375857338820310e+02 1.074402325783560865e-14 2.087855768740435115e-10 2.608299564130112103e-03 1.298703396804101740e-02
2.727023319615911987e+02 1.013427024551695835e-14 1.970250172140913284e-10 2.518367449799607805e-03 1.253923602602324827e-02
2.809670781893004232e+02 9.579313594227444843e-15 1.864025623503722166e-10 2.433459700737383713e-03 1.211632346316415809e-02
2.892318244170095340e+02 9.071250483097179879e-15 1.765468226831146377e-10 2.353137102571567496e-03 1.171616465364500037e-02
2.974965706447187586e+02 8.605205030257609791e-15 1.676128393365793978e-10 2.277015677583760223e-03 1.133687148507289688e-02
3.057613168724279262e+02 8.177405237074221948e-15 1.593109950591310089e-10 2.204748858563920777e-03 1.097670837719066927e-02
3.140260631001371507e+02 7.782818509346968313e-15 1.516568462649161698e-10 2.136028135229395275e-03 1.063424522269251771e-02
3.222908093278463184e+02 7.419418105255172558e-15 1.445754371601239711e-10 2.070575515059291938e-03 1.030812027915306572e-02
3.305555555555555429e+02 7.082748246417152808e-15 1.377457452614264344e-10 2.008141020033216151e-03 9.997410181737165225e-03
3.388203017832647106e+02 6.769502977915955222e-15 1.327345852177391603e-10 1.948508176285557170e-03 9.699823036760202299e-03
3.470850480109739351e+02 6.480316624881029690e-15 1.265325838683988930e-10 1.891472086691714516e-03 9.414656723484293721e-03
3.553497942386830459e+02 6.210869790612664014e-15 1.212763041249873064e-10 1.836843784026931381e-03 9.142170010490224819e-03
3.636145404663922704e+02 5.959925729694391907e-15 1.163263310038952538e-10 1.784458274908473641e-03 8.880976280589591987e-03
3.718792866941014381e+02 5.725454849035672658e-15 1.117455471631634923e-10 1.734164674361049485e-03 8.630324328508742759e-03
3.801440329218106626e+02 5.506716307864860738e-15 1.075288397371851822e-10 1.685824064624696916e-03 8.389400595462226384e-03
3.884087791495198871e+02 5.301784308068751705e-15 1.035716433803991244e-10 1.639309042639425229e-03 8.157513080128575567e-03
3.966735253772290548e+02 5.110030241286153185e-15 9.982113323222950830e-11 1.594503231874266902e-03 7.934143517440817028e-03
4.049382716049382793e+02 4.930085967936340211e-15 9.631157076322657778e-11 1.551298878043172458e-03 7.718794717446963993e-03
4.132030178326473902e+02 4.760984053544305867e-15 9.306521537918571131e-11 1.509598303314096945e-03 7.510908085678225099e-03
4.214677640603566147e+02 4.601972999767220918e-15 8.992246853609296436e-11 1.469311249367333261e-03 7.310076389060227164e-03
4.297325102880657823e+02 4.452201359025634310e-15 8.701140897998490231e-11 1.430354375483444684e-03 7.115927463527293995e-03
4.379972565157750068e+02 4.311099098158783211e-15 8.424756886851734637e-11 1.392650475265599930e-03 6.928041735750456454e-03
4.462620027434841745e+02 4.177861377760161355e-15 8.160129340379602057e-11 1.356128273922063698e-03 6.746125241324563149e-03
4.545267489711933990e+02 4.052046927615366375e-15 7.918195035471695996e-11 1.320721872327346169e-03 6.569796930253279932e-03
4.627914951989025667e+02 3.933178176410381614e-15 7.688054484927640423e-11 1.286369337391568557e-03 6.398675712906309876e-03
4.710562414266117912e+02 3.820772229355441824e-15 7.469100332886427057e-11 1.253012879743553576e-03 6.232506987731922798e-03
4.793209876543209020e+02 3.714259776357717745e-15 7.262948112494946026e-11 1.220599247053755221e-03 6.071025350088743444e-03
4.875857338820301266e+02 3.613398281919081072e-15 7.067688760540238927e-11 1.189078688847766685e-03 5.913968853345608068e-03
4.958504801097392942e+02 3.517785162520159733e-15 6.884674628323881252e-11 1.158404238324250990e-03 5.761081877733054135e-03
5.041152263374485187e+02 3.426690543945510275e-15 6.693823313888132237e-11 1.128533807676412870e-03 5.612314208679025640e-03
5.123799725651576864e+02 3.340598609662329808e-15 6.531605391327119566e-11 1.099426372891398884e-03 5.467436202030384607e-03
5.206447187928670246e+02 3.258679894522017296e-15 6.372413912452568768e-11 1.071042401610933226e-03 5.326099414849294611e-03
5.289094650205761354e+02 3.180733708864058085e-15 6.220557587518862023e-11 1.043346798184296986e-03 5.188188871752208442e-03
5.371742112482853599e+02 3.106650191994486561e-15 6.074605499486861183e-11 1.016305807932660343e-03 5.053558187917528421e-03
5.454389574759944708e+02 3.036063937851064753e-15 5.937538927965264001e-11 9.898877251252047316e-04 4.922044118255253231e-03
5.537037037037038090e+02 2.968844943978169375e-15 5.806834458059809136e-11 9.640629791202171006e-04 4.793478522376104500e-03
5.619684499314129198e+02 2.904775203250099352e-15 5.682393293518158386e-11 9.388035000210681602e-04 4.667722073842806019e-03
5.702331961591220306e+02 2.843689569786349197e-15 5.563204564364359777e-11 9.140828694480518379e-04 4.544647684899816298e-03
5.784979423868312551e+02 2.785444080557233408e-15 5.448991361914755669e-11 8.898760017770346309e-04 4.424142444178880140e-03
5.867626886145404796e+02 2.729884679206630797e-15 5.341359768695338952e-11 8.661590961558385260e-04 4.306078973057680948e-03
5.950274348422497042e+02 2.676846436096695288e-15 5.236081464025520894e-11 8.429097263854545830e-04 4.190358658313297902e-03
6.032921810699588150e+02 2.626178248284099270e-15 5.137425441216515104e-11 8.201068279505285830e-04 4.076882504674750329e-03
6.115569272976680395e+02 2.577803190889902565e-15 5.042954497812705337e-11 7.977303193574813989e-04 3.965531542966305167e-03
6.198216735253772640e+02 2.531567184583968908e-15 4.953305555174909646e-11 7.757611147335419233e-04 3.856206559183061877e-03
6.280864197530863748e+02 2.487401984722441841e-15 4.866526533119554202e-11 7.541810863129772002e-04 3.748822776655225120e-03
6.363511659807955994e+02 2.445177906701455440e-15 4.783819829083802162e-11 7.329729593728018244e-04 3.643303663713792773e-03
6.446159122085048239e+02 2.404822279928060895e-15 4.706444706142867325e-11 7.121203311040158468e-04 3.539545819731149123e-03
6.528806584362140484e+02 2.366234389679266701e-15 4.631259409795090016e-11 6.916075459075798904e-04 3.437466475110229069e-03
6.611454046639231592e+02 2.329331692306442739e-15 4.558878279723321287e-11 6.714197377077901763e-04 3.337010528310258017e-03
6.694101508916323837e+02 2.294059524267410253e-15 4.490429885260628431e-11 6.515426318394190730e-04 3.238103859504404269e-03
6.776748971193416082e+02 2.260298286042061965e-15 4.423641126101261258e-11 6.319627042500330916e-04 3.140684893334744210e-03
6.859396433470508327e+02 2.228023215167285524e-15 4.361070993604436734e-11 6.126670528374678071e-04 3.044688961402086669e-03
6.942043895747599436e+02 2.197164367497869280e-15 4.299921010757997916e-11 5.936431838859945742e-04 2.950054043126426606e-03
7.024691358024690544e+02 2.167656801877460150e-15 4.241307043762018129e-11 5.748791847149936629e-04 2.856736529787240464e-03
7.107338820301783926e+02 2.139445731808099236e-15 4.187153304893623074e-11 5.563636584320352796e-04 2.764659624451049069e-03
7.189986282578875034e+02 2.112485948930106684e-15 4.133985450418384033e-11 5.380856390301280712e-04 2.673763495493308717e-03
7.272633744855967279e+02 2.086706351521980314e-15 4.084698586253373452e-11 5.200346614542272761e-04 2.583994663896360677e-03
7.355281207133058388e+02 2.062087684801835349e-15 4.036259091863165814e-11 5.022006499676434643e-04 2.495301186567155938e-03
7.437928669410151770e+02 2.038564049038710862e-15 3.990215427484548163e-11 4.845738957346412690e-04 2.407647360588960339e-03
7.520576131687242878e+02 2.016117792674121436e-15 3.946650565968304525e-11 4.671450498749951663e-04 2.320979685039081808e-03
7.603223593964333986e+02 1.994696578609266302e-15 3.903749252776430931e-11 4.499050651168845505e-04 2.235263594051906111e-03
7.685871056241427368e+02 1.974264175560869745e-15 3.863690567213065902e-11 4.328452756134915091e-04 2.150460564446898815e-03
7.768518518518518476e+02 1.954794689084067312e-15 3.826015420689819265e-11 4.159572832385105556e-04 2.066513312650064549e-03
7.851165980795610722e+02 1.936242773553741836e-15 3.790085993894861508e-11 3.992329967232866039e-04 1.983376549925863763e-03
7.933813443072701830e+02 1.918592287435911229e-15 3.755717151577524836e-11 3.826645896984892659e-04 1.901013986869481975e-03
8.016460905349795212e+02 1.901815012284479570e-15 3.723162496262284044e-11 3.662444270474685126e-04 1.819388600683091717e-03
8.099108367626886320e+02 1.885880409156538594e-15 3.691130792294133787e-11 3.499651267568903990e-04 1.738474705838322087e-03
8.181755829903977428e+02 1.870760143791363355e-15 3.661931660318337709e-11 3.338195603841409564e-04 1.658235514164885238e-03
8.264403292181069673e+02 1.856434995911854538e-15 3.634322759914100792e-11 3.178008043807079019e-04 1.578622605599044881e-03
8.347050754458161919e+02 1.842881060987613115e-15 3.607301082728350323e-11 3.019021210299843716e-04 1.499612073915579380e-03
8.429698216735254164e+02 1.830080759580330545e-15 3.583047927957879386e-11 2.861169513711514512e-04 1.421167167222070482e-03
8.512345679012345272e+02 1.818020464407863474e-15 3.559884121427950430e-11 2.704388710115246397e-04 1.343245668761539058e-03
8.594993141289437517e+02 1.806672243521935599e-15 3.537052091267516311e-11 2.548616345974252795e-04 1.265831954931462278e-03
8.677640603566529762e+02 1.796022204907898460e-15 3.516506424331357482e-11 2.393791769323971863e-04 1.188897352179418831e-03
8.760288065843622007e+02 1.786062526071900663e-15 3.497325922258084559e-11 2.239855265382395544e-04 1.112401926422146303e-03
8.842935528120713116e+02 1.776771800345164066e-15 3.478376787645327203e-11 2.086748379365177541e-04 1.036328166396094375e-03
8.925582990397805361e+02 1.768138561681484665e-15 3.462160120884040162e-11 1.934414072902734816e-04 9.606436572486831693e-04
9.008230452674897606e+02 1.760151803417020319e-15 3.446147854068208693e-11 1.782796276977860472e-04 8.853162884705501057e-04
9.090877914951988714e+02 1.752798599757328103e-15 3.431350296577574634e-11 1.631839954537861459e-04 8.103305072342248394e-04
9.173525377229080959e+02 1.746068825890083795e-15 3.418123457295067736e-11 1.481491062493844879e-04 7.356558703631721485e-04
9.256172839506173204e+02 1.739957499244651516e-15 3.406939772228261365e-11 1.331696210278288106e-04 6.612529131917455061e-04
9.338820301783265450e+02 1.734451532817029720e-15 3.395386468136081732e-11 1.182402787057723614e-04 5.871033331464881044e-04
9.421467764060356558e+02 1.729544830210378371e-15 3.385790072250861819e-11 1.033559009506745952e-04 5.131897733189338950e-04
9.504115226337447666e+02 1.725228125396571198e-15 3.377819584464972716e-11 8.851137575338619001e-05 4.394731336440083069e-04
9.586762688614541048e+02 1.721500458101139999e-15 3.371219879165716155e-11 7.370163535336260452e-05 3.659207132072905821e-04
9.669410150891632156e+02 1.718355203611468586e-15 3.364379757852225652e-11 5.892164488441320458e-05 2.925201581537306694e-04
9.752057613168724401e+02 1.715786537543932307e-15 3.359288538633983801e-11 4.416642326976472077e-05 2.192549982592550961e-04
9.834705075445815510e+02 1.713792450200929913e-15 3.354753383257289376e-11 2.943102338770486881e-05 1.461000902136522228e-04
9.917352537722908892e+02 1.712370481411034089e-15 3.352197443464667978e-11 1.471051761470221209e-05 7.302778893125694282e-05
1.000000000000000000e+03 1.711518114612382343e-15 3.351157509488623099e-11 0.000000000000000000e+00 0.000000000000000000e+00
