8.474576271186439413e+00 1.301713873816318922e-19 3.678311445644029834e-16 1.000000000000000000e+00 1.000000000000000000e+00
1.694915254237287883e+01 9.197387808622374313e-21 1.039637651729524949e-16 5.393447242060944724e-02 6.161733878962049049e-01
2.542372881355932179e+01 2.443841262329817299e-22 6.216041733978491478e-18 2.241319028696209248e-02 5.737047279735170147e-01
3.389830508474575765e+01 1.488403651825160625e-21 6.731260629383462389e-17 1.673802876789898253e-02 5.475757034142008095e-01
4.237288135593220773e+01 4.351618374400538348e-22 3.075531349764651392e-17 1.047615953748992634e-02 5.149118923381030832e-01
5.084745762711864359e+01 1.513141726716185767e-22 1.540286417361543443e-17 8.574845252589113898e-03 5.002762329961216725e-01
5.932203389830507945e+01 5.751117496776847641e-23 7.970289810528460505e-18 7.898727755899170866e-03 4.930262790175433674e-01
6.779661016949151531e+01 7.515576527202763428e-23 1.360789275224113679e-17 7.469428920399145966e-03 4.864239435804107448e-01
7.627118644067796538e+01 2.125924432537115719e-23 4.873272069734940308e-18 7.157554693325574036e-03 4.808359587918600297e-01
8.474576271186440124e+01 7.866556413741619581e-23 2.227040456438843550e-17 6.834430645619948841e-03 4.727361219843378981e-01
9.322033898305085131e+01 1.889117821016322005e-22 6.473809513495567670e-17 5.969690508758840330e-03 4.475721710933615594e-01
1.016949152542372872e+02 1.124691150782333104e-22 4.588806751561905278e-17 4.996606059794350685e-03 4.171443779395387352e-01
1.101694915254237230e+02 7.057683589875380786e-24 3.381098635939036103e-18 4.610947011101651505e-03 4.040927204720555777e-01
1.186440677966101731e+02 1.572010157779004101e-22 8.738598716152977086e-17 4.081201937712664041e-03 3.807678525055413488e-01
1.271186440677965948e+02 1.518709196707920756e-23 9.696732917740514776e-18 3.525541863853343116e-03 3.567554573210167668e-01
1.355932203389830590e+02 1.467204826022344990e-22 1.066481752924827414e-16 3.003945801834273510e-03 3.291099572281133145e-01
1.440677966101694949e+02 1.573402189604801634e-23 1.291907035937286393e-17 2.480861891113406159e-03 3.018384386981614043e-01
1.525423728813559308e+02 6.678339850385233185e-23 6.151693662585029700e-17 2.215270770467125949e-03 2.853861300385995836e-01
1.610169491525423666e+02 1.561215305861582833e-23 1.603449382050307219e-17 1.950142417650790883e-03 2.686387869286080976e-01
1.694915254237288309e+02 3.100011180238125143e-23 3.530442799338520111e-17 1.800186951615212472e-03 2.577599200075136876e-01
1.779661016949152668e+02 2.010769547372819145e-24 2.526644355149913655e-18 1.694001872781125684e-03 2.498443613452412393e-01
1.864406779661016742e+02 4.166677746353311175e-23 5.750855449640168555e-17 1.553523016994406980e-03 2.374515769271480226e-01
1.949152542372881385e+02 9.712223145544304049e-24 1.466365146310980243e-17 1.388299490094668798e-03 2.228149386571902646e-01
2.033898305084745743e+02 1.129202868272379403e-23 1.858016637327478738e-17 1.320762323313462439e-03 2.161649743123055245e-01
2.118644067796610102e+02 6.264748568219329002e-23 1.119548422039551116e-16 1.083053201933470433e-03 1.905815286617762450e-01
2.203389830508474461e+02 2.178728168014768443e-23 4.215312850988893560e-17 8.116719149943163458e-04 1.613820425101532008e-01
2.288135593220339103e+02 2.125659932977599866e-23 4.439550885541625850e-17 6.733531928028169133e-04 1.454206936055876254e-01
2.372881355932203462e+02 8.108898650832489322e-24 1.823266509971830177e-17 5.790000528730354645e-04 1.340542224301535246e-01
2.457627118644067536e+02 1.993494982587174878e-24 4.813430848045462079e-18 5.465425039080651359e-04 1.299089284015195744e-01
2.542372881355932179e+02 2.327069772910411963e-24 6.019824071132902041e-18 5.326614677598762171e-04 1.279671626532454809e-01
2.627118644067796822e+02 1.148593320064180266e-23 3.176338692010127112e-17 4.882845826909010256e-04 1.212284312390173868e-01
2.711864406779661181e+02 1.269511484988955448e-23 3.745380670366823263e-17 4.106031347367311568e-04 1.090155676071522528e-01
2.796610169491525539e+02 7.401225242595328896e-24 2.325038544891399726e-17 3.460483756416721235e-04 9.844092028926898497e-02
2.881355932203389898e+02 3.217835879298144911e-24 1.074426582864374543e-17 3.119388263146394280e-04 9.257289125714851519e-02
2.966101694915254257e+02 8.925543281362399146e-24 3.162272295861515822e-17 2.729344323095794778e-04 8.531235351617572071e-02
3.050847457627118615e+02 3.796954157409833639e-24 1.425146590125205247e-17 2.320715493461245060e-04 7.751521243802372840e-02
3.135593220338982974e+02 2.141103690898723009e-24 8.500964900831933347e-18 2.129999094426793249e-04 7.367237627760581109e-02
3.220338983050847332e+02 1.856917145985557262e-24 7.787749250760193830e-18 2.001594153293595468e-04 7.093101068885754312e-02
3.305084745762712259e+02 6.245047965705858446e-25 2.762865367661619795e-18 1.921898840164804056e-04 6.915966671972051394e-02
3.389830508474576618e+02 6.885858894538683471e-24 3.209465409264058921e-17 1.680693920321774115e-04 6.333124900022535364e-02
3.474576271186440977e+02 8.855212276578980623e-25 4.343087582630463069e-18 1.431112250175337053e-04 5.727712822820929528e-02
3.559322033898304767e+02 1.043067931300852869e-23 5.376973044652344540e-17 1.067698080396972671e-04 4.770133630321260476e-02
3.644067796610169125e+02 1.101635530451845528e-25 5.962300545684056483e-19 7.291960194066859913e-05 3.882931715646487092e-02
3.728813559322034052e+02 2.036191865928777930e-24 1.155827458189494670e-17 6.602707028624532626e-05 3.685699293336452964e-02
3.813559322033898411e+02 1.193492719713853461e-24 7.098414594471118307e-18 5.565576324206844561e-05 3.383738567315308643e-02
3.898305084745762770e+02 5.839187081758423447e-25 3.635381092730208021e-18 4.994810635949864519e-05 3.210437717759551113e-02
3.983050847457627128e+02 1.249824595946492624e-24 8.137852184047781155e-18 4.405958964426304192e-05 3.020710910308732622e-02
4.067796610169492055e+02 5.242543957660352371e-26 3.566896847994279783e-19 3.987782523273697421e-05 2.884050728386733375e-02
4.152542372881355845e+02 4.661371919180231248e-25 3.311241189461637428e-18 3.821263010239661639e-05 2.825100470243435691e-02
4.237288135593220204e+02 1.310519343891377857e-24 9.711923296780583861e-18 3.250749685668186117e-05 2.616083030145910371e-02
4.322033898305084563e+02 9.558705451128496414e-26 7.384416678150422296e-19 2.799228347505344772e-05 2.448682038444149889e-02
4.406779661016948921e+02 8.695613753933712379e-25 6.997723721568528241e-18 2.489306244934930135e-05 2.324943730868289649e-02
4.491525423728813848e+02 9.177210168840697837e-26 7.687826839977351850e-19 2.180610129709492639e-05 2.200877604660422815e-02
4.576271186440678207e+02 3.036086698361591928e-25 2.645772290095765915e-18 2.053648731570323349e-05 2.146381546792086592e-02
4.661016949152542566e+02 3.127074051723961899e-25 2.832972009280761793e-18 1.855742740408672375e-05 2.059004531515018499e-02
4.745762711864406924e+02 1.553318905874032269e-25 1.462048666971431852e-18 1.705450344646752825e-05 1.990560443466005136e-02
4.830508474576270714e+02 7.939518280097222672e-26 7.759503710058490464e-19 1.630077069947333257e-05 1.954915334944884453e-02
4.915254237288135641e+02 4.829046275628548271e-25 4.897686446326466562e-18 1.449517055218674244e-05 1.864608075834350842e-02
5.000000000000000000e+02 1.158321694811851301e-25 1.218453820328416252e-18 1.257257123099542184e-05 1.767350477089735250e-02
5.084745762711864359e+02 1.149310149836459362e-25 1.253246846575687827e-18 1.183157025519410155e-05 1.728073313235889419e-02
5.169491525423729854e+02 8.299217504334361694e-26 9.376345062163928688e-19 1.119602184063150929e-05 1.693271696961051731e-02
5.254237288135593644e+02 5.325903279990005385e-26 6.231208267049143487e-19 1.075850770870800943e-05 1.668486991586615176e-02
5.338983050847458571e+02 1.558106373205082629e-25 1.886912305753060848e-18 1.008716771866424722e-05 1.628640905634481939e-02
5.423728813559322361e+02 1.003054368960681192e-25 1.256767626318995213e-18 9.264758451088539459e-06 1.578758605344987576e-02
5.508474576271187289e+02 3.083919598569331687e-26 3.995918458843041155e-19 8.843642772426996146e-06 1.552486509760842015e-02
5.593220338983051079e+02 8.182567916778237417e-26 1.095973326996554823e-18 8.481867183607327831e-06 1.528770850408844861e-02
5.677966101694916006e+02 9.313004355378434308e-28 1.288893367181733588e-20 8.216128233429209615e-06 1.511190950526364318e-02
5.762711864406780933e+02 1.464150486712293006e-26 2.092935038587555709e-19 8.166122780206563903e-06 1.507668847995058403e-02
5.847457627118644723e+02 3.303701787124225452e-26 4.875795806344865132e-19 8.013023460318180469e-06 1.496622624140331315e-02
5.932203389830509650e+02 4.665583611475383333e-26 7.106611742674997242e-19 7.757123769103202449e-06 1.477632053179045446e-02
6.016949152542373440e+02 5.939224195528060120e-26 9.333421118024290074e-19 7.416595591447361357e-06 1.451582675731655225e-02
6.101694915254237230e+02 3.262072692302783771e-27 5.286971449602789467e-20 7.215408033833803358e-06 1.435959365845962399e-02
6.186440677966102157e+02 5.201499215391653521e-26 8.691537006790197255e-19 7.037909395157804227e-06 1.421355151566450203e-02
6.271186440677967084e+02 4.334963223494105598e-27 7.465611443169711963e-20 6.856965660051450584e-06 1.406408096286337894e-02
6.355932203389830875e+02 3.599551295196143373e-27 6.387074018885730300e-20 6.831487369352018391e-06 1.404214446107798775e-02
6.440677966101695802e+02 1.787716126516124919e-26 3.267320808193771239e-19 6.762524120351720569e-06 1.398029294906788511e-02
6.525423728813560729e+02 2.572290390738058887e-26 4.840865728793139096e-19 6.622521229959765776e-06 1.385191312281619513e-02
6.610169491525424519e+02 1.975977607560284316e-26 3.827974798764734517e-19 6.476473151217909674e-06 1.371467474452436885e-02
6.694915254237289446e+02 5.173722168976043169e-27 1.031459582129293780e-19 6.396409946707315441e-06 1.363775228995667277e-02
6.779661016949153236e+02 1.200000884504446817e-26 2.461356444122625523e-19 6.341263900755400584e-06 1.358246643662952557e-02
6.864406779661018163e+02 3.387232863015472756e-27 7.146068865729812378e-20 6.291854398710050589e-06 1.353219855898513124e-02
6.949152542372880816e+02 6.254409306803429524e-27 1.356833231224597598e-19 6.260894417242646171e-06 1.349941401322407586e-02
7.033898305084745743e+02 7.745525933995484625e-27 1.727433325557018052e-19 6.215939656106783673e-06 1.345060154915156403e-02
7.118644067796610670e+02 9.433564433321943935e-26 2.162379052689431945e-18 5.888150014454751613e-06 1.308111689035851288e-02
7.203389830508474461e+02 4.883182800774411314e-26 1.150172966289329161e-18 5.428429618592467421e-06 1.255721144799748501e-02
7.288135593220339388e+02 6.772911497496512835e-26 1.638857949832502140e-18 5.054144736504895263e-06 1.211632031989084979e-02
7.372881355932204315e+02 2.260573266740297541e-26 5.618168190920261599e-19 4.764073674223823218e-06 1.176857560273436576e-02
7.457627118644068105e+02 1.261968323696145537e-25 3.220639961842841684e-18 4.286259157604277448e-06 1.117116767305259550e-02
7.542372881355933032e+02 8.048132331623843108e-27 2.108708224113123952e-19 3.855190218948756353e-06 1.062950085526170874e-02
7.627118644067797959e+02 8.245105456366303632e-26 2.217471301693815651e-18 3.564591801064054266e-06 1.024636415636870357e-02
7.711864406779661749e+02 1.748498933062838644e-25 4.825951023128993843e-18 2.738383199751837083e-06 9.135911664956086753e-03
7.796610169491526676e+02 1.114709416756937542e-25 3.156841645495608886e-18 1.818990822410881947e-06 7.878862436881628462e-03
7.881355932203390466e+02 1.338284376941160697e-26 3.888063983536186705e-19 1.418078528159227858e-06 7.321040273880585758e-03
7.966101694915255393e+02 1.355729553640574595e-26 4.039936803148239349e-19 1.331572296980887415e-06 7.196355186901759460e-03
8.050847457627120320e+02 1.620247102124122166e-26 4.951356749865919860e-19 1.236012100336303376e-06 7.054966451779498549e-03
8.135593220338984111e+02 4.622932332932946554e-28 1.448535489143908305e-20 1.182500657948004630e-06 6.974837118557397631e-03
8.220338983050847901e+02 2.678791201108841879e-26 8.604952164396348318e-19 1.094998809181291222e-06 6.837276222758204014e-03
8.305084745762711691e+02 7.913929928811986135e-27 2.605741104261363895e-19 9.835693722815008755e-07 6.661054091169571478e-03
8.389830508474576618e+02 9.848299289095020873e-27 3.323252215886732318e-19 9.265339262487515271e-07 6.567868225007877925e-03
8.474576271186441545e+02 2.827116997829340891e-27 9.775621816181786985e-20 8.858325042382375614e-07 6.500277883149663261e-03
8.559322033898305335e+02 1.116009808881183889e-28 3.953708714965251896e-21 8.763961280022769529e-07 6.484294120666977967e-03
8.644067796610170262e+02 3.766608993072741829e-29 1.366981563319178342e-21 8.759168237393311074e-07 6.483457978784246123e-03
8.728813559322034052e+02 2.664165310925231272e-27 9.903530025756265903e-20 8.672411024868154072e-07 6.467679978817364450e-03
8.813559322033898979e+02 5.531466213067364603e-27 2.105857344606708456e-19 8.409245042528823433e-07 6.419025285089641208e-03
8.898305084745763907e+02 3.244317476962141562e-27 1.264785074252175105e-19 8.127450079609133127e-07 6.366060799506301215e-03
8.983050847457627697e+02 3.724958578148476578e-27 1.486846528518753202e-19 7.903663018504758497e-07 6.322825214283178674e-03
9.067796610169492624e+02 1.998111604625648965e-27 8.165147836894252184e-20 7.719892276547568599e-07 6.286634615873865073e-03
9.152542372881357551e+02 7.987133227208573673e-28 3.341064186966097180e-20 7.630084783993851261e-07 6.268556456543228350e-03
9.237288135593221341e+02 5.382238634172069591e-27 2.304400761123031557e-19 7.431611227515233509e-07 6.227102392997507785e-03
9.322033898305086268e+02 2.297996793307607925e-29 1.006928955506752986e-21 7.258046871294610014e-07 6.190740759046020614e-03
9.406779661016950058e+02 8.101087226198831692e-28 3.632468102231882145e-20 7.231295964249540020e-07 6.184875876508288961e-03
9.491525423728813848e+02 2.919241504119800351e-27 1.339349381141393408e-19 7.111544609861297772e-07 6.158128134208129545e-03
9.576271186440677639e+02 2.483416607663003965e-27 1.165726195618696735e-19 6.938062478978324066e-07 6.118774770166091059e-03
9.661016949152542566e+02 1.466058237533722508e-28 7.040127874512703055e-21 6.853611106416579446e-07 6.099356459329796643e-03
9.745762711864407493e+02 2.204246646796807356e-27 1.082760832249939000e-19 6.778124026496357146e-07 6.081241792374125765e-03
9.830508474576271283e+02 3.673201060115259249e-29 1.845534475139701821e-21 6.706165049941148482e-07 6.063943436200203152e-03
9.915254237288136210e+02 3.014435838981579067e-27 1.549002426804837110e-19 6.608190485923870483e-07 6.039321684716769667e-03
1.000000000000000114e+03 2.242262171774840876e-28 1.178327146609070718e-20 6.504195385614863767e-07 6.013139574719494895e-03
1.008474576271186493e+03 2.783470493267584938e-28 1.495773193872798833e-20 6.488057501252697534e-07 6.008939248154931967e-03
1.016949152542372985e+03 1.106212954779632194e-27 6.078340287526824642e-20 6.443598569161324008e-07 5.997042352599346593e-03
1.025423728813559364e+03 5.449598915897349230e-29 3.061588175758641650e-21 6.406327610619655388e-07 5.987014131933254824e-03
1.033898305084745743e+03 2.414391871300295900e-28 1.386743228936852197e-20 6.396824980825499551e-07 5.984355084345471809e-03
1.042372881355932122e+03 1.100419129165486291e-27 6.461358689818827209e-20 6.353737221909128152e-07 5.972028134176299297e-03
1.050847457627118729e+03 5.160333990484847984e-27 3.097373415887992189e-19 6.152701235162538751e-07 5.913231240306848768e-03
1.059322033898305108e+03 3.296996285683730876e-28 2.022823959159226229e-20 5.976413447461581541e-07 5.861408551050550919e-03
1.067796610169491487e+03 8.651720085144083763e-28 5.425515646146045736e-20 5.938045509745748518e-07 5.849710947438135911e-03
1.076271186440677866e+03 4.452296875163599376e-27 2.853631278515451485e-19 5.767298869585602006e-07 5.796375703012057734e-03
1.084745762711864245e+03 1.250684511256512400e-27 8.192456244757587020e-20 5.584173227157762653e-07 5.738698345814419177e-03
1.093220338983050851e+03 7.196496282304089331e-28 4.817466340237868224e-20 5.520904795552894484e-07 5.718268897776379589e-03
1.101694915254237230e+03 2.909011392022938230e-27 1.990004207634848941e-19 5.404386640428526789e-07 5.679456214057965191e-03
1.110169491525423609e+03 1.352848310177678367e-27 9.456916973290548668e-20 5.267536157260721552e-07 5.633360398135445202e-03
1.118644067796610216e+03 4.198700000659271988e-27 2.999088374059948573e-19 5.089273117375725519e-07 5.571423472666148236e-03
1.127118644067796595e+03 1.240640025863778029e-27 9.054767877417050163e-20 4.914613147555257910e-07 5.510121759466413138e-03
1.135593220338982974e+03 4.763864261433970014e-28 3.552485469368562439e-20 4.859478557328600345e-07 5.490329165749763263e-03
1.144067796610169580e+03 1.166358293185067012e-27 8.886519560608318471e-20 4.806729190232061910e-07 5.470801097345545649e-03
1.152542372881355959e+03 1.984680552225567721e-28 1.544911503188863577e-20 4.762903923483108315e-07 5.454425026924170083e-03
1.161016949152542338e+03 3.837392342512044104e-27 3.051757673371948446e-19 4.633310400903312143e-07 5.404092531457127535e-03
1.169491525423728717e+03 1.324127459862226911e-26 1.075803955514277015e-18 4.084905766976731911e-07 5.187331988310672770e-03
1.177966101694915324e+03 1.566918776214266732e-26 1.300556023093081537e-18 3.156576267038246897e-07 4.814445664193534036e-03
1.186440677966101703e+03 6.528559219963403278e-27 5.535667087055764272e-19 2.443795494855294237e-07 4.523603158674616154e-03
1.194915254237288082e+03 2.266515571190100568e-27 1.963239230069775927e-19 2.161381252863137092e-07 4.405997497837765842e-03
1.203389830508474461e+03 4.728144786475170638e-28 4.183695892002770139e-20 2.073420000137105035e-07 4.368649533875834656e-03
1.211864406779660840e+03 1.208445826556551766e-27 1.092308546766312790e-19 2.019433893440947259e-07 4.344960075430837065e-03
1.220338983050847446e+03 2.116886304406132300e-28 1.954607291436666222e-20 1.973832667312436229e-07 4.324766571765725764e-03
1.228813559322033825e+03 7.347010603635754394e-29 6.929670177082818575e-21 1.964676078491933708e-07 4.320614962552982163e-03
1.237288135593220204e+03 1.426802441956333840e-28 1.374683708279993710e-20 1.957735382696057513e-07 4.317372732145718928e-03
1.245762711864406810e+03 8.940190716615989557e-28 8.798749263198058089e-20 1.924446452195027746e-07 4.301420184950166536e-03
1.254237288135593190e+03 7.223171336768280766e-28 7.261669997647558089e-20 1.872545092318489424e-07 4.276237013774886186e-03
1.262711864406779569e+03 8.389094284602099351e-28 8.615061107991210033e-20 1.822413331353800459e-07 4.251342496603083276e-03
1.271186440677966175e+03 6.674514977121971594e-28 7.001627447550579974e-20 1.774043332236630022e-07 4.226856330080464019e-03
1.279661016949152554e+03 1.248886690479076466e-28 1.338260543003880578e-20 1.748600895190577376e-07 4.213780060179250775e-03
1.288135593220338933e+03 6.738763550288833542e-28 7.376317454938632214e-20 1.722952152061196784e-07 4.200116490103766864e-03
1.296610169491525539e+03 1.216608382183475895e-29 1.360367895063645305e-21 1.700922988012720793e-07 4.188338034805227927e-03
1.305084745762711918e+03 1.568332381133908983e-28 1.791411517454773637e-20 1.695496335551993639e-07 4.185316053376131329e-03
1.313559322033898297e+03 1.704565102622196612e-28 1.988973861816222766e-20 1.684986900007956478e-07 4.179388940811490372e-03
1.322033898305084904e+03 2.405716246668639296e-28 2.867647198555548174e-20 1.671788583124111938e-07 4.171774493843427578e-03
1.330508474576271283e+03 6.248045170801848944e-28 7.608516411094341644e-20 1.644000924283517406e-07 4.155349652698925311e-03
1.338983050847457662e+03 9.229629968005112434e-28 1.148217988501514727e-19 1.594301339835624276e-07 4.125419387395745652e-03
1.347457627118644041e+03 4.618026123138992715e-28 5.869369935179439532e-20 1.549835828562606821e-07 4.098216524568210062e-03
1.355932203389830647e+03 1.503441524963361860e-29 1.952219131324996068e-21 1.534524355362165693e-07 4.088708946208940986e-03
1.364406779661017026e+03 2.063188559624974394e-28 2.737164115032160182e-20 1.527416590985097855e-07 4.084111820266467241e-03
1.372881355932203405e+03 1.096628616619225832e-28 1.486467597590115147e-20 1.517270261652825525e-07 4.077490435028474636e-03
1.381355932203389557e+03 5.258287672824517372e-28 7.282648222790605470e-20 1.496864309169509966e-07 4.063743237299188849e-03
1.389830508474576163e+03 2.933580784096918237e-28 4.151532412748146726e-20 1.470559812810634526e-07 4.045818346589791226e-03
1.398305084745762542e+03 2.706876587957069337e-28 3.914367690485550650e-20 1.452448025185404390e-07 4.033173963611247359e-03
1.406779661016948921e+03 7.913926422133807454e-28 1.169462964128130537e-19 1.418344098835788714e-07 4.008705217355190698e-03
1.415254237288135528e+03 2.196236396027044376e-28 3.316610806419188857e-20 1.385879864201911005e-07 3.985174084958353902e-03
1.423728813559321907e+03 7.587077675378511403e-28 1.170932156575054232e-19 1.354465156699902195e-07 3.961620478711180837e-03
1.432203389830508286e+03 2.503702325936940989e-28 3.949150163573352480e-20 1.322063162279007997e-07 3.937075940401046914e-03
1.440677966101694892e+03 2.033554308699111886e-28 3.278412799367304445e-20 1.307493805446924284e-07 3.925746993067358304e-03
1.449152542372881271e+03 3.256460088292805439e-28 5.366175508240207706e-20 1.290507307682986493e-07 3.912197078231316461e-03
1.457627118644067650e+03 1.055409753173876435e-28 1.777775918964915769e-20 1.276661678595303329e-07 3.900999467945087673e-03
1.466101694915254257e+03 4.105812904537827125e-28 7.069987525222184453e-20 1.260088737797815384e-07 3.887131434065604907e-03
1.474576271186440636e+03 4.553808622567509583e-28 8.016519514817243213e-20 1.232282262897399505e-07 3.863485203870253848e-03
1.483050847457627015e+03 1.528070618497550324e-28 2.750270161887285029e-20 1.212753047985515309e-07 3.846609938558231967e-03
1.491525423728813621e+03 1.364114246856187923e-28 2.510348803071798513e-20 1.203466098997907352e-07 3.838364841915353765e-03
1.500000000000000000e+03 5.714934011183734424e-28 1.075419157028750025e-19 1.180734924277615505e-07 3.817575306652276623e-03
1.508474576271186379e+03 1.473971109762034949e-28 2.836428813837613766e-20 1.157650993954817409e-07 3.796275155649508903e-03
1.516949152542372985e+03 3.856025395189987843e-28 7.588809464588224682e-20 1.140536111110534989e-07 3.779936316923970807e-03
1.525423728813559364e+03 3.245875318205799422e-28 6.533596011021421185e-20 1.117731556199430543e-07 3.757803561394323921e-03
1.533898305084745743e+03 9.126297232768614833e-28 1.879052635934111875e-19 1.078003896148871377e-07 3.718116610000432587e-03
1.542372881355932122e+03 2.585282545712368138e-28 5.445212827025068804e-20 1.040397433760276158e-07 3.680136809605216719e-03
1.550847457627118729e+03 4.654442781887043421e-28 1.002944943460434020e-19 1.017150317306203533e-07 3.655887240604172028e-03
1.559322033898305108e+03 4.572620610182989666e-29 1.008134827102413211e-20 1.000736380429856354e-07 3.638591155152082202e-03
1.567796610169491487e+03 1.106140598494931344e-28 2.495461160373438663e-20 9.957162172558042812e-08 3.633101022417650761e-03
1.576271186440678093e+03 7.892478343138066303e-28 1.822155383141155372e-19 9.668212064273262740e-08 3.600638091085350823e-03
1.584745762711864472e+03 2.747054030581530415e-28 6.491077207267727511e-20 9.326571404066896775e-08 3.561915534382342763e-03
1.593220338983050851e+03 1.868238506360252097e-28 4.518632968347646981e-20 9.178372095686171406e-08 3.544664754732251843e-03
1.601694915254237458e+03 2.680633997989979795e-28 6.637226848736796349e-20 9.032305547940211454e-08 3.527185282274580835e-03
1.610169491525423837e+03 3.360059453548148409e-29 8.517680677224530797e-21 8.935439743673612156e-08 3.515451380657119707e-03
1.618644067796610216e+03 2.603431979349298278e-28 6.757692388394979584e-20 8.841052934194237878e-08 3.503528872829897445e-03
1.627118644067796822e+03 3.002752158719232151e-28 7.981852871682404933e-20 8.661035588719556699e-08 3.480435349019428415e-03
1.635593220338982974e+03 3.585540532731221030e-28 9.761733001703818027e-20 8.449482258310325733e-08 3.452635884901522623e-03
1.644067796610169353e+03 2.341960396492876947e-28 6.531270978793027406e-20 8.259147277200895587e-08 3.427109778480708080e-03
1.652542372881355732e+03 2.984892629845135216e-30 8.528102048901663282e-22 8.182987298877009152e-08 3.416743871169858338e-03
1.661016949152542338e+03 2.469699984184617293e-28 7.229943910740122400e-20 8.102725546077493846e-08 3.405283504314238208e-03
1.669491525423728717e+03 4.368578479653674000e-28 1.310573543970950343e-19 7.883145047848927334e-08 3.373425388828010796e-03
1.677966101694915096e+03 1.894230280427810239e-28 5.824384121323244063e-20 7.682043168255603405e-08 3.343770155109337949e-03
1.686440677966101703e+03 1.241693812944608513e-28 3.913769284451960076e-20 7.581347083451817070e-08 3.328515063463766133e-03
1.694915254237288082e+03 1.991087435985215207e-29 6.434341140186261656e-21 7.535082202636544935e-08 3.321376156160127380e-03
1.703389830508474461e+03 1.869240093603085655e-28 6.194176983831051020e-20 7.468666496368570051e-08 3.310665062001727499e-03
1.711864406779660840e+03 2.333024126939786321e-32 7.928964386519199532e-24 7.408636781836008822e-08 3.300960762478211130e-03
1.720338983050847446e+03 3.187955837975202888e-29 1.111384714446922326e-20 7.398392620761029548e-08 3.299218567940798152e-03
1.728813559322033825e+03 3.763870991881962758e-29 1.346233152015675106e-20 7.376069954823094577e-08 3.295368790379282764e-03
1.737288135593220204e+03 5.723402558522971926e-29 2.100652439122383182e-20 7.345605856912129639e-08 3.289969382514912333e-03
1.745762711864406810e+03 1.252928883778469192e-28 4.719805372454641573e-20 7.286995551414321426e-08 3.279285495437100906e-03
1.754237288135593190e+03 7.913466864755047068e-29 3.060188395503770558e-20 7.221352860131702300e-08 3.267098685761804511e-03
1.762711864406779569e+03 3.874090194344586228e-29 1.538237455261350710e-20 7.183502426233445703e-08 3.259895647142796449e-03
1.771186440677966175e+03 6.580513466101280965e-29 2.683347965717690131e-20 7.149932168548644995e-08 3.253282942477286888e-03
1.779661016949152554e+03 1.210150856805016214e-28 5.068907334919415818e-20 7.089943276916699233e-08 3.241139899668454838e-03
1.788135593220338933e+03 3.555591063398750604e-28 1.530175435863385086e-19 6.936912944066619957e-08 3.209232236474179878e-03
1.796610169491525539e+03 6.383013626143792608e-29 2.822992362986718231e-20 6.802244989501105010e-08 3.180843329359306360e-03
1.805084745762711918e+03 7.015804974209411687e-29 3.189473209233685341e-20 6.759220727570180998e-08 3.171426144529587710e-03
1.813559322033898297e+03 1.977349027881890059e-28 9.242479434005955605e-20 6.673198982287686931e-08 3.151954548725299787e-03
1.822033898305084904e+03 8.310639153284217868e-29 3.994963094862587855e-20 6.583019451777971653e-08 3.131221769245517983e-03
1.830508474576271283e+03 2.890822323825034216e-28 1.429505467316999074e-19 6.463507851162120232e-08 3.102576242530852291e-03
1.838983050847457662e+03 6.363852713984890420e-28 3.238075946186383286e-19 6.166335653201571176e-08 3.029477076118891610e-03
1.847457627118644268e+03 8.152271467774110035e-28 4.269412379572113402e-19 5.700215743864589513e-08 2.911913263752397008e-03
1.855932203389830647e+03 2.302139974065207974e-28 1.241273894289173783e-19 5.364519450878901807e-08 2.825627273520314731e-03
1.864406779661017026e+03 2.743186508274976604e-28 1.523229881895557314e-19 5.202511510482565882e-08 2.782343653860874788e-03
1.872881355932203405e+03 1.225216723170587595e-28 7.008565369911103772e-20 5.075084130723439557e-08 2.747522670210278406e-03
1.881355932203389784e+03 1.239954785222260788e-30 7.309106334583879210e-22 5.035343653148061094e-08 2.736435665452119359e-03
1.889830508474576163e+03 6.273940155640433149e-28 3.812251516905023531e-19 4.833486189070868022e-08 2.676638946624954052e-03
1.898305084745762542e+03 7.461045661618965443e-28 4.674861276269620413e-19 4.392449015622190700e-08 2.543782701199592822e-03
1.906779661016948921e+03 1.540046074749899571e-27 9.953606837507736361e-19 3.658354774671579435e-08 2.314831942779704832e-03
1.915254237288135528e+03 1.989342042698427367e-27 1.326749148780207108e-18 2.525050857293820172e-08 1.951505431186828510e-03
1.923728813559321907e+03 1.415700279010444424e-27 9.746378864132316779e-19 1.431675011875910286e-08 1.591551742595620489e-03
1.932203389830508286e+03 1.477800223818433227e-28 1.050620184439121161e-19 9.296337810660304513e-09 1.422723532099823274e-03
1.940677966101694892e+03 4.796770519961099264e-29 3.522962758060893994e-20 8.667782269711210574e-09 1.400788802720320803e-03
1.949152542372881271e+03 2.640661923137947960e-30 2.004370261632457919e-21 8.505276372083869774e-09 1.394967313421813238e-03
1.957627118644067650e+03 7.348772714424490580e-30 5.767254120921099542e-21 8.473199808456399751e-09 1.393752233886935699e-03
1.966101694915254257e+03 6.911103210406170199e-29 5.610225128326396741e-20 8.227683645500860621e-09 1.384079100406832019e-03
1.974576271186440636e+03 1.760058798774525914e-28 1.478546427651546415e-19 7.440601135222379980e-09 1.352191643189337711e-03
1.983050847457627015e+03 6.274628891375986148e-29 5.457251891390015727e-20 6.673956054470409072e-09 1.320544357331976393e-03
1.991525423728813621e+03 3.113088209715509996e-30 2.804569582101713723e-21 6.462478441271457541e-09 1.311574255787872900e-03
2.000000000000000000e+03 4.884421605651797617e-30 4.560318713321533268e-21 6.436797983511155508e-09 1.310422864826077394e-03
2.008474576271186379e+03 1.105035346956885475e-28 1.069773998976240557e-19 6.066281699190767540e-09 1.292985760448339683e-03
2.016949152542372985e+03 1.632931742124398027e-28 1.640033884400738710e-19 5.187106966175747402e-09 1.250623599107880679e-03
2.025423728813559364e+03 2.782736786420427064e-29 2.901148376184269118e-20 4.573409539965211934e-09 1.220450868786748799e-03
2.033898305084745743e+03 4.502207568461787977e-29 4.875171689980245682e-20 4.339486325832808689e-09 1.208294922787067627e-03
2.042372881355932350e+03 5.514549734641392663e-30 6.205897471667004402e-21 4.177210688460775145e-09 1.199704035986681738e-03
2.050847457627118729e+03 2.595769167737602134e-29 3.037839472442375380e-20 4.076151749465850571e-09 1.193985278629017266e-03
2.059322033898305108e+03 5.956106282242756058e-31 7.253549762004812167e-22 3.990887842419965637e-09 1.189123250566637147e-03
2.067796610169491487e+03 1.547757751124618615e-29 1.962806501719945811e-20 3.939275905473493822e-09 1.185941688804481586e-03
2.076271186440677866e+03 4.722355429002550542e-29 6.240636633334136518e-20 3.737939513470678321e-09 1.173118511226478589e-03
2.084745762711864700e+03 2.655891341675479314e-29 3.660149371430643289e-20 3.501020473528626553e-09 1.157642358532884330e-03
2.093220338983051079e+03 1.399695474955586510e-30 2.013153445896769129e-21 3.411243953976850207e-09 1.151606476734401419e-03
2.101694915254237458e+03 1.208844236434786168e-29 1.816016781095509204e-20 3.367932821518593300e-09 1.148453185653264264e-03
2.110169491525423837e+03 5.980929819928425077e-29 9.392724323140090342e-20 3.137065718306075723e-09 1.130932987991606353e-03
2.118644067796610216e+03 3.858833537730241665e-30 6.340685996105057896e-21 2.932624254547988585e-09 1.115260534367390477e-03
2.127118644067796595e+03 4.319732118691190132e-31 7.433549704502692441e-22 2.918846275790087930e-09 1.114153267349315968e-03
2.135593220338982974e+03 4.107932709452240132e-29 7.410423424854994744e-20 2.785551456163659623e-09 1.102454332227331690e-03
2.144067796610169353e+03 2.049915662506550112e-29 3.880408783730978185e-20 2.587819847299499543e-09 1.084806633145807275e-03
2.152542372881355732e+03 1.945739093300707234e-29 3.869112073733895530e-20 2.459517367547903177e-09 1.072694224389825202e-03
2.161016949152542111e+03 1.709245585836934595e-29 3.574401675744235125e-20 2.342154026280240942e-09 1.061060239378908143e-03
2.169491525423728490e+03 7.237499508490073430e-30 1.593572650756616311e-20 2.264029519416510539e-09 1.052982932788881776e-03
2.177966101694915324e+03 1.132546255806144250e-29 2.628834059248249597e-20 2.204422866469712972e-09 1.046383553448326786e-03
2.186440677966101703e+03 1.450613332621878210e-29 3.554279972644782909e-20 2.121476327943128126e-09 1.036719779763717320e-03
2.194915254237288082e+03 1.258891567736467083e-30 3.260480623562466426e-21 2.070854043800807176e-09 1.030655146868952876e-03
2.203389830508474461e+03 9.749702415981481750e-31 2.673086138374800976e-21 2.063681003861006502e-09 1.029727782535072578e-03
2.211864406779660840e+03 3.625499851159450294e-29 1.053877367191649531e-19 1.944133631859301659e-09 1.012838976287011583e-03
2.220338983050847219e+03 5.634847334704174001e-30 1.739473589456237994e-20 1.809623340065513730e-09 9.936496726006271984e-04
2.228813559322034052e+03 1.306466980679469003e-29 4.290469643602612714e-20 1.749578260046291689e-09 9.842257904790763234e-04
2.237288135593220431e+03 4.573438261248790353e-30 1.600757656513323064e-20 1.692941453690366416e-09 9.750187860684267349e-04
2.245762711864406810e+03 1.959772742436442817e-29 7.325270191664181398e-20 1.615326650217241422e-09 9.610690568988555782e-04
2.254237288135593190e+03 8.103874402084383116e-30 3.241627049321094290e-20 1.526375470461971418e-09 9.445552043999549952e-04
2.262711864406779569e+03 1.118752578624962185e-30 4.799970114706242903e-21 1.496761048436212604e-09 9.387391486015417286e-04
2.271186440677965948e+03 2.694823537001856610e-31 1.243145842819063065e-21 1.492303391970040138e-09 9.377947495941008071e-04
2.279661016949152781e+03 7.017922090893762236e-32 3.489956432861302737e-22 1.491212708870648385e-09 9.375459349177939217e-04
2.288135593220339160e+03 1.902697620866017567e-29 1.022873361958470806e-19 1.429890872373107413e-09 9.215063946272916695e-04
2.296610169491525539e+03 2.106661339386953734e-29 1.228025740445412319e-19 1.301148411236852098e-09 8.863312662414912779e-04
2.305084745762711918e+03 9.336622842796777035e-31 5.920995161348608155e-21 1.230504365068441075e-09 8.662160030354915108e-04
2.313559322033898297e+03 4.906062452197179475e-30 3.396938083452457363e-20 1.211752698182522181e-09 8.599825305085628813e-04
2.322033898305084676e+03 1.304632035138599421e-29 9.901317787962452375e-20 1.154106810119515103e-09 8.392022821481770478e-04
2.330508474576271055e+03 1.741537257789733504e-29 1.454965012166749849e-19 1.056292719958662474e-09 8.009956035520682249e-04
2.338983050847457889e+03 1.507042894098139784e-30 1.392556664764836953e-20 9.955318791554645941e-10 7.760853613211216029e-04
2.347457627118644268e+03 6.756202415060561854e-29 6.941096068510175126e-19 7.737477325520103477e-10 6.654599516100478951e-04
2.355932203389830647e+03 1.067936394944354585e-29 1.226969981329218533e-19 5.225108123951827110e-10 5.378549977361757328e-04
2.364406779661017026e+03 3.731515316704213869e-29 4.825709939823347634e-19 3.683980898117056313e-10 4.433080014720758300e-04
2.372881355932203405e+03 2.103919750926421160e-29 3.085121939945180239e-19 1.810194216744775986e-10 3.197488830218864209e-04
2.381355932203389784e+03 2.069798108103755178e-30 3.470121728643361573e-20 1.068153343553035484e-10 2.661472016312060873e-04
2.389830508474576163e+03 3.955350804556138681e-30 7.654201077761150283e-20 8.746814383897572043e-11 2.487743012357102046e-04
2.398305084745762542e+03 7.320997677380376594e-31 1.653277762875330986e-20 7.241651722722508566e-11 2.342390054449472458e-04
2.406779661016948921e+03 3.930140924414880876e-30 1.049070680163940372e-19 5.744582587396962481e-11 2.152743154967273753e-04
2.415254237288135300e+03 1.025060494124247051e-30 3.283548836382968295e-20 4.153444255194926882e-11 1.937641432415704301e-04
2.423728813559322134e+03 6.956973302892508517e-31 2.723388168071970075e-20 3.600908460299478975e-11 1.843837268313830435e-04
2.432203389830508513e+03 3.616234777517172070e-30 1.768897259228489469e-19 2.216327121828953750e-11 1.525084976925494828e-04
2.440677966101694892e+03 9.267871966702850926e-32 5.824683734512869090e-21 1.025368678853055826e-11 1.239773159571466721e-04
2.449152542372881271e+03 3.706228584055422270e-32 3.101951133019576765e-21 9.837131109691199526e-12 1.225834268219205825e-04
2.457627118644067650e+03 6.260764515562610726e-32 7.320313440049306053e-21 9.516942789389304380e-12 1.209559983880170719e-04
2.466101694915254029e+03 8.408308773993320522e-31 1.468903103751039187e-19 6.615930026043770340e-12 9.687644004374718065e-05
2.474576271186440863e+03 4.501636224485304108e-31 1.300197407634753297e-19 2.470468274395898334e-12 5.363916416312175528e-05
2.483050847457627242e+03 1.435637295990892844e-31 8.128095410724991912e-20 5.639932965095795225e-13 2.064751878538828578e-05
2.491525423728813621e+03 1.601840220559046830e-32 2.519378850634644022e-20 5.173639294753229478e-14 4.023390755447664446e-06
2.500000000000000000e+03 4.066320874018608818e-35 5.756182854120095447e-22 0.000000000000000000e+00 0.000000000000000000e+00
