gID15-M2+ML-C-15-ABBA3ave.slp
Rc (m)	SLP err rms (µrad) 	HGT err rms (nm)	PV profile (µm)	PV HGT err (nm)
-469152.084158	0.157758	1.300303	0.046457	5.423531

x (mm)	slope error (µrad)	x (mm)	HGT error (nm)	HGT  (µm)
-135.000003	-0.012686	-135.000003	-0.251824	0.038537
-134.000003	-0.095376	-134.000003	-0.336477	0.038598
-133.000003	-0.177818	-133.000003	-0.469262	0.038609
-132.000003	-0.235655	-132.000003	-0.677994	0.038542
-131.000003	-0.274494	-131.000003	-0.933465	0.038426
-130.000003	-0.294181	-130.000003	-1.218304	0.038279
-129.000003	-0.280374	-129.000003	-1.505651	0.038126
-128.000003	-0.234380	-128.000003	-1.763545	0.038001
-127.000003	-0.176768	-127.000003	-1.970135	0.037926
-126.000003	-0.113250	-126.000003	-2.116076	0.037908
-125.000003	-0.035995	-125.000003	-2.191722	0.037959
-124.000003	0.040838	-124.000003	-2.191193	0.038084
-123.000003	0.087765	-123.000003	-2.129339	0.038268
-122.000003	0.105629	-122.000003	-2.034750	0.038482
-121.000003	0.107982	-121.000003	-1.930072	0.038705
-120.000003	0.078350	-120.000003	-1.839059	0.038911
-119.000003	0.030051	-119.000003	-1.785422	0.039078
-118.000003	0.024124	-118.000003	-1.757709	0.039217
-117.000003	0.054633	-117.000003	-1.718984	0.039365
-116.000003	0.064176	-116.000003	-1.661154	0.039530
-115.000003	0.063997	-115.000003	-1.597487	0.039698
-114.000003	0.096351	-114.000003	-1.517203	0.039881
-113.000003	0.142433	-113.000003	-1.398676	0.040100
-112.000003	0.172268	-112.000003	-1.242620	0.040354
-111.000003	0.193307	-111.000003	-1.060839	0.040632
-110.000003	0.209944	-110.000003	-0.860323	0.040926
-109.000003	0.210937	-109.000003	-0.650904	0.041227
-108.000003	0.209760	-108.000003	-0.440997	0.041527
-107.000003	0.218855	-107.000003	-0.226850	0.041828
-106.000003	0.237255	-106.000003	0.000633	0.042141
-105.000003	0.244307	-105.000003	0.240446	0.042463
-104.000003	0.239637	-104.000003	0.481428	0.042785
-103.000003	0.220656	-103.000003	0.710528	0.043093
-102.000003	0.185286	-102.000003	0.912926	0.043372
-101.000003	0.156380	-101.000003	1.084130	0.043617
-100.000003	0.154434	-100.000003	1.240431	0.043846
-99.000003	0.182097	-99.000003	1.409022	0.044084
-98.000003	0.207482	-98.000003	1.603169	0.044346
-97.000003	0.214103	-97.000003	1.813366	0.044622
-96.000003	0.218733	-96.000003	2.029626	0.044902
-95.000003	0.223623	-95.000003	2.250808	0.045184
-94.000003	0.232383	-94.000003	2.478707	0.045471
-93.000003	0.234244	-93.000003	2.711016	0.045760
-92.000003	0.194794	-92.000003	2.923844	0.046028
-91.000003	0.113557	-91.000003	3.077570	0.046234
-90.000003	0.048621	-90.000003	3.159482	0.046366
-89.000003	0.001070	-89.000003	3.184604	0.046440
-88.000003	-0.058371	-88.000003	3.156105	0.046457
-87.000003	-0.108391	-87.000003	3.073457	0.046419
-86.000003	-0.144362	-86.000003	2.947472	0.046334
-85.000003	-0.189229	-85.000003	2.781143	0.046208
-84.000003	-0.218385	-84.000003	2.578596	0.046042
-83.000003	-0.220345	-83.000003	2.360395	0.045859
-82.000003	-0.213088	-82.000003	2.144650	0.045677
-81.000003	-0.189851	-81.000003	1.944386	0.045507
-80.000003	-0.148171	-80.000003	1.776435	0.045368
-79.000003	-0.099396	-79.000003	1.653496	0.045271
-78.000003	-0.044471	-78.000003	1.582002	0.045224
-77.000003	-0.003820	-77.000003	1.557840	0.045222
-76.000003	0.019081	-76.000003	1.565072	0.045250
-75.000003	0.007496	-75.000003	1.578305	0.045281
-74.000003	-0.007361	-74.000003	1.579190	0.045297
-73.000003	-0.016777	-73.000003	1.567463	0.045299
-72.000003	-0.054209	-72.000003	1.532000	0.045275
-71.000003	-0.103145	-71.000003	1.454410	0.045206
-70.000003	-0.131312	-70.000003	1.339134	0.045098
-69.000003	-0.131370	-69.000003	1.209703	0.044973
-68.000003	-0.114654	-68.000003	1.087822	0.044854
-67.000003	-0.109176	-67.000003	0.976389	0.044743
-66.000003	-0.120061	-66.000003	0.862764	0.044628
-65.000003	-0.119530	-65.000003	0.744458	0.044505
-64.000003	-0.113542	-64.000003	0.628872	0.044384
-63.000003	-0.123978	-63.000003	0.510720	0.044257
-62.000003	-0.147292	-62.000003	0.376311	0.044113
-61.000003	-0.159345	-61.000003	0.224852	0.043948
-60.000003	-0.155806	-60.000003	0.069517	0.043778
-59.000003	-0.124701	-59.000003	-0.067927	0.043624
-58.000003	-0.052622	-58.000003	-0.153954	0.043519
-57.000003	0.036712	-57.000003	-0.160905	0.043491
-56.000003	0.086753	-56.000003	-0.099623	0.043528
-55.000003	0.082277	-55.000003	-0.015003	0.043587
-54.000003	0.063270	-54.000003	0.059542	0.043634
-53.000003	0.067735	-53.000003	0.127525	0.043672
-52.000003	0.089812	-52.000003	0.207804	0.043720
-51.000003	0.086570	-51.000003	0.296457	0.043775
-50.000003	0.048896	-50.000003	0.365370	0.043807
-49.000003	0.018391	-49.000003	0.401566	0.043805
-48.000003	0.017441	-48.000003	0.421439	0.043784
-47.000003	-0.006896	-47.000003	0.427171	0.043746
-46.000003	-0.075508	-46.000003	0.386053	0.043660
-45.000003	-0.187490	-45.000003	0.255809	0.043482
-44.000003	-0.289477	-44.000003	0.020646	0.043198
-43.000003	-0.337656	-43.000003	-0.287845	0.042838
-42.000003	-0.293547	-42.000003	-0.598173	0.042473
-41.000003	-0.188090	-41.000003	-0.835529	0.042180
-40.000003	-0.079206	-40.000003	-0.966787	0.041991
-39.000003	0.037592	-39.000003	-0.985751	0.041911
-38.000003	0.129593	-38.000003	-0.901455	0.041933
-37.000003	0.172898	-37.000003	-0.749630	0.042020
-36.000003	0.183473	-36.000003	-0.570705	0.042132
-35.000003	0.151100	-35.000003	-0.402925	0.042231
-34.000003	0.072244	-34.000003	-0.289776	0.042273
-33.000003	-0.004314	-33.000003	-0.253013	0.042236
-32.000003	-0.065922	-32.000003	-0.284715	0.042129
-31.000003	-0.097485	-31.000003	-0.362845	0.041973
-30.000003	-0.108465	-30.000003	-0.462126	0.041794
-29.000003	-0.085568	-29.000003	-0.555087	0.041619
-28.000003	-0.026702	-28.000003	-0.608012	0.041481
-27.000003	0.023477	-27.000003	-0.607345	0.041396
-26.000003	0.063041	-26.000003	-0.561746	0.041353
-25.000003	0.094878	-25.000003	-0.480821	0.041343
-24.000003	0.096164	-24.000003	-0.383637	0.041347
-23.000003	0.073293	-23.000003	-0.296739	0.041339
-22.000003	0.042192	-22.000003	-0.236881	0.041301
-21.000003	-0.017595	-21.000003	-0.222240	0.041216
-20.000003	-0.076713	-20.000003	-0.266195	0.041071
-19.000003	-0.125319	-19.000003	-0.363944	0.040869
-18.000003	-0.171917	-18.000003	-0.508765	0.040618
-17.000003	-0.184540	-17.000003	-0.682221	0.040337
-16.000003	-0.150294	-16.000003	-0.845594	0.040063
-15.000003	-0.118990	-15.000003	-0.976980	0.039819
-14.000003	-0.080558	-14.000003	-1.073463	0.039608
-13.000003	-0.045363	-13.000003	-1.133840	0.039431
-12.000003	-0.038973	-12.000003	-1.173532	0.039272
-11.000003	-0.042872	-11.000003	-1.211897	0.039112
-10.000003	-0.073659	-10.000003	-1.267652	0.038933
-9.000003	-0.118923	-9.000003	-1.360597	0.038715
-8.000003	-0.152963	-8.000003	-1.491747	0.038456
-7.000003	-0.133928	-7.000003	-1.629723	0.038188
-6.000003	-0.073172	-6.000003	-1.728922	0.037957
-5.000003	-0.014966	-5.000003	-1.769192	0.037782
-4.000003	0.056505	-4.000003	-1.744732	0.037670
-3.000003	0.118265	-3.000003	-1.654338	0.037622
-2.000003	0.158661	-2.000003	-1.513019	0.037623
-1.000003	0.180017	-1.000003	-1.341567	0.037651
-0.000003	0.142383	-0.000003	-1.178573	0.037669
0.999997	0.068463	0.999997	-1.070270	0.037630
1.999997	-0.014280	1.999997	-1.040133	0.037511
2.999997	-0.127313	2.999997	-1.107722	0.037292
3.999997	-0.243310	3.999997	-1.288500	0.036957
4.999997	-0.327909	4.999997	-1.567385	0.036522
5.999997	-0.312314	5.999997	-1.878977	0.036053
6.999997	-0.181049	6.999997	-2.119257	0.035652
7.999997	-0.053210	7.999997	-2.233220	0.035376
8.999997	0.033035	8.999997	-2.238927	0.035205
9.999997	0.172215	9.999997	-2.130033	0.035147
10.999997	0.358438	10.999997	-1.861563	0.035247
11.999997	0.445681	11.999997	-1.459625	0.035478
12.999997	0.421281	12.999997	-1.025141	0.035739
13.999997	0.349924	13.999997	-0.636494	0.035952
14.999997	0.262936	14.999997	-0.325791	0.036085
15.999997	0.186038	15.999997	-0.096717	0.036134
16.999997	0.106655	16.999997	0.053936	0.036103
17.999997	0.021911	17.999997	0.122858	0.035987
18.999997	-0.051340	18.999997	0.113306	0.035792
19.999997	-0.106703	19.999997	0.039955	0.035530
20.999997	-0.128168	20.999997	-0.071340	0.035228
21.999997	-0.111155	21.999997	-0.185454	0.034921
22.999997	-0.090668	22.999997	-0.281056	0.034630
23.999997	-0.045014	23.999997	-0.343408	0.034370
24.999997	0.010718	24.999997	-0.356096	0.034158
25.999997	0.040270	25.999997	-0.326674	0.033986
26.999997	0.052439	26.999997	-0.275909	0.033833
27.999997	0.059640	27.999997	-0.215563	0.033688
28.999997	0.042509	28.999997	-0.160493	0.033535
29.999997	0.003538	29.999997	-0.132876	0.033352
30.999997	-0.033019	30.999997	-0.142589	0.033130
31.999997	-0.072536	31.999997	-0.189030	0.032869
32.999997	-0.048715	32.999997	-0.243171	0.032598
33.999997	-0.022785	33.999997	-0.274288	0.032348
34.999997	-0.024273	34.999997	-0.293189	0.032108
35.999997	-0.025857	35.999997	-0.313459	0.031864
36.999997	-0.048828	36.999997	-0.345377	0.031607
37.999997	-0.043580	37.999997	-0.385862	0.031339
38.999997	-0.047579	38.999997	-0.426258	0.031068
39.999997	-0.050962	39.999997	-0.470366	0.030792
40.999997	-0.066597	40.999997	-0.524004	0.030505
41.999997	-0.084575	41.999997	-0.593804	0.030198
42.999997	-0.085785	42.999997	-0.672460	0.029881
43.999997	-0.055899	43.999997	-0.736578	0.029576
44.999997	-0.001594	44.999997	-0.760554	0.029310
45.999997	-0.011893	45.999997	-0.764077	0.029061
46.999997	-0.074133	46.999997	-0.800778	0.028777
47.999997	-0.054529	47.999997	-0.856413	0.028472
48.999997	0.025649	48.999997	-0.864150	0.028213
49.999997	0.089979	49.999997	-0.802092	0.028021
50.999997	0.094962	50.999997	-0.706192	0.027861
51.999997	0.043043	51.999997	-0.632205	0.027677
52.999997	0.004453	52.999997	-0.601727	0.027448
53.999997	-0.009214	53.999997	-0.597537	0.027189
55.000003	-0.019175	55.000003	-0.604679	0.026918
56.000003	0.016955	56.000003	-0.597742	0.026658
57.000003	0.102574	57.000003	-0.530617	0.026456
58.000003	0.199467	58.000003	-0.373246	0.026342
59.000003	0.295341	59.000003	-0.120078	0.026322
60.000003	0.372412	60.000003	0.218455	0.026385
61.000003	0.393364	61.000003	0.604915	0.026494
62.000003	0.341525	62.000003	0.975029	0.026585
63.000003	0.188252	63.000003	1.243848	0.026571
64.000003	0.020805	64.000003	1.356848	0.026400
65.000003	-0.032072	65.000003	1.361237	0.026118
66.000003	-0.026649	66.000003	1.338186	0.025807
67.000003	-0.086799	67.000003	1.286630	0.025465
68.000003	-0.145360	68.000003	1.178290	0.025064
69.000003	-0.148029	69.000003	1.039712	0.024630
70.000003	-0.132992	70.000003	0.905768	0.024199
71.000003	-0.138400	71.000003	0.776706	0.023771
72.000003	-0.124773	72.000003	0.652647	0.023345
73.000003	-0.090697	73.000003	0.552710	0.022941
74.000003	-0.026517	74.000003	0.501844	0.022585
75.000003	0.053401	75.000003	0.522972	0.022298
76.000003	0.158792	76.000003	0.636314	0.022101
77.000003	0.256897	77.000003	0.850321	0.022003
78.000003	0.326512	78.000003	1.147321	0.021985
79.000003	0.345269	79.000003	1.488225	0.022009
80.000003	0.320023	80.000003	1.826674	0.022029
81.000003	0.279940	81.000003	2.132891	0.022014
82.000003	0.214589	82.000003	2.386154	0.021944
83.000003	0.121086	83.000003	2.560780	0.021793
84.000003	0.038320	84.000003	2.647954	0.021553
85.000003	-0.041786	85.000003	2.653892	0.021229
86.000003	-0.103535	86.000003	2.589134	0.020833
87.000003	-0.153459	87.000003	2.468401	0.020378
88.000003	-0.193643	88.000003	2.303221	0.019876
89.000003	-0.194797	89.000003	2.118055	0.019353
90.000003	-0.155346	90.000003	1.951499	0.018846
91.000003	-0.104704	91.000003	1.828510	0.018380
92.000003	-0.086428	92.000003	1.739546	0.017946
93.000003	-0.079749	93.000003	1.663671	0.017523
94.000003	-0.078005	94.000003	1.592007	0.017102
95.000003	-0.089836	95.000003	1.515349	0.016674
96.000003	-0.106159	96.000003	1.424743	0.016230
97.000003	-0.131863	97.000003	1.313648	0.015763
98.000003	-0.138824	98.000003	1.186562	0.015278
99.000003	-0.140714	99.000003	1.054479	0.014786
100.000003	-0.153213	100.000003	0.915244	0.014284
101.000003	-0.160603	101.000003	0.766641	0.013771
102.000003	-0.152876	102.000003	0.618544	0.013256
103.000003	-0.125762	103.000003	0.488123	0.012757
104.000003	-0.073228	104.000003	0.397093	0.012295
105.000003	-0.024057	105.000003	0.355138	0.011880
106.000003	-0.036698	106.000003	0.330850	0.011480
107.000003	-0.083386	107.000003	0.279389	0.011051
108.000003	-0.074247	108.000003	0.209084	0.010601
109.000003	-0.104425	109.000003	0.126413	0.010137
110.000003	-0.169359	110.000003	-0.002535	0.009624
111.000003	-0.214192	111.000003	-0.184762	0.009055
112.000003	-0.218699	112.000003	-0.391934	0.008460
113.000003	-0.218271	113.000003	-0.601986	0.007859
114.000003	-0.219800	114.000003	-0.811878	0.007256
115.000003	-0.184231	115.000003	-1.004438	0.006669
116.000003	-0.137608	116.000003	-1.157023	0.006119
117.000003	-0.109655	117.000003	-1.272753	0.005604
118.000003	-0.093348	118.000003	-1.365876	0.005110
119.000003	-0.074783	119.000003	-1.441493	0.004631
120.000003	-0.066470	120.000003	-1.503898	0.004163
121.000003	-0.068731	121.000003	-1.563455	0.003695
122.000003	-0.091778	122.000003	-1.635059	0.003213
123.000003	-0.098167	123.000003	-1.720387	0.002716
124.000003	-0.079567	124.000003	-1.799194	0.002222
125.000003	-0.026378	125.000003	-1.841978	0.001763
126.000003	0.056049	126.000003	-1.817335	0.001369
127.000003	0.152863	127.000003	-1.704231	0.001061
128.000003	0.221262	128.000003	-1.509317	0.000833
129.000003	0.263944	129.000003	-1.257764	0.000659
130.000003	0.328650	130.000003	-0.952354	0.000537
131.000003	0.374742	131.000003	-0.593021	0.000467
132.000003	0.365473	132.000003	-0.216035	0.000412
133.000003	0.316365	133.000003	0.134051	0.000328
134.000003	0.255944	134.000003	0.425176	0.000183
135.000003	0.190578	135.000003	0.680547	0.000000
