gID15-M1+ML-C-15-ABBA3ave.slp
Rc (m)	SLP err rms (urad) 	HGT err rms (nm)	PV profile (um)	PV HGT err (nm)
29497.264374	0.161316	0.990542	0.337309	4.505771

x (mm)	slope error (urad)	x (mm)	HGT error (nm)	HGT  (um)
-134.999995	0.184312	-134.999995	-1.829089	0.337309
-133.999995	0.155451	-133.999995	-1.619444	0.332730
-132.999995	0.110297	-132.999995	-1.448726	0.328147
-131.999995	0.066473	-131.999995	-1.322804	0.323553
-130.999995	-0.013092	-130.999995	-1.259060	0.318930
-129.999995	-0.096638	-129.999995	-1.274740	0.314263
-128.999995	-0.101745	-128.999995	-1.334179	0.309586
-127.999995	-0.070143	-127.999995	-1.382396	0.304954
-126.999995	-0.044335	-126.999995	-1.401752	0.300386
-125.999995	0.038859	-125.999995	-1.368214	0.295904
-124.999995	0.052265	-124.999995	-1.289517	0.291502
-123.999995	-0.014628	-123.999995	-1.234765	0.287110
-122.999995	-0.003884	-122.999995	-1.206053	0.282726
-121.999995	0.037363	-121.999995	-1.153755	0.278400
-120.999995	0.053723	-120.999995	-1.074142	0.274135
-119.999995	0.042229	-119.999995	-0.992351	0.269907
-118.999995	0.006732	-118.999995	-0.933032	0.265690
-117.999995	0.005643	-117.999995	-0.890033	0.261492
-116.999995	0.088375	-116.999995	-0.808021	0.257366
-115.999995	0.131780	-115.999995	-0.667253	0.253334
-114.999995	0.065194	-114.999995	-0.538664	0.249323
-113.999995	-0.055878	-113.999995	-0.499721	0.245257
-112.999995	-0.073053	-112.999995	-0.526659	0.241159
-111.999995	0.024077	-111.999995	-0.517055	0.237132
-110.999995	0.073307	-110.999995	-0.438132	0.233209
-109.999995	0.064639	-109.999995	-0.338166	0.229340
-108.999995	0.057763	-108.999995	-0.244271	0.225500
-107.999995	0.087737	-107.999995	-0.138794	0.221705
-106.999995	0.134189	-106.999995	0.003638	0.217982
-105.999995	0.170267	-105.999995	0.186538	0.214333
-104.999995	0.197687	-104.999995	0.399834	0.210749
-103.999995	0.162911	-103.999995	0.607947	0.207194
-102.999995	0.060339	-102.999995	0.749379	0.203607
-101.999995	0.004362	-101.999995	0.814938	0.199977
-100.999995	0.057023	-100.999995	0.877720	0.196379
-99.999995	0.115624	-99.999995	0.991919	0.192867
-98.999995	0.093741	-98.999995	1.122878	0.189405
-97.999995	0.014120	-97.999995	1.205965	0.185930
-96.999995	0.005425	-96.999995	1.247768	0.182448
-95.999995	0.090013	-95.999995	1.324900	0.179035
-94.999995	0.133021	-94.999995	1.462779	0.175718
-93.999995	0.136028	-93.999995	1.625291	0.172459
-92.999995	0.188602	-92.999995	1.815860	0.169262
-91.999995	0.227053	-91.999995	2.048667	0.166142
-90.999995	0.171041	-90.999995	2.271926	0.163046
-89.999995	0.077130	-89.999995	2.421992	0.159911
-88.999995	-0.013193	-88.999995	2.480695	0.156719
-87.999995	-0.092141	-87.999995	2.454886	0.153477
-86.999995	-0.148400	-86.999995	2.362535	0.150202
-85.999995	-0.129273	-85.999995	2.251533	0.146943
-84.999995	-0.078352	-84.999995	2.172008	0.143750
-83.999995	-0.109214	-83.999995	2.100460	0.140598
-82.999995	-0.193644	-82.999995	1.973658	0.137426
-81.999995	-0.231980	-81.999995	1.787674	0.134229
-80.999995	-0.205093	-80.999995	1.595361	0.131059
-79.999995	-0.147991	-79.999995	1.443179	0.127964
-78.999995	-0.102022	-78.999995	1.340856	0.124953
-77.999995	-0.093210	-77.999995	1.265988	0.122003
-76.999995	-0.079270	-76.999995	1.203131	0.119100
-75.999995	-0.058921	-75.999995	1.156578	0.116247
-74.999995	-0.060623	-74.999995	1.117153	0.113435
-73.999995	-0.148210	-73.999995	1.036622	0.110617
-72.999995	-0.074872	-72.999995	0.949553	0.107826
-71.999995	-0.046157	-71.999995	0.907428	0.105114
-70.999995	-0.135338	-70.999995	0.837440	0.102408
-69.999995	-0.142268	-69.999995	0.721775	0.099691
-68.999995	-0.139827	-68.999995	0.601686	0.097004
-67.999995	-0.146653	-67.999995	0.478495	0.094348
-66.999995	-0.174607	-66.999995	0.338241	0.091709
-65.999995	-0.183020	-65.999995	0.179979	0.089086
-64.999995	-0.191019	-64.999995	0.012632	0.086488
-63.999995	-0.208554	-63.999995	-0.167877	0.083912
-62.999995	-0.231476	-62.999995	-0.368333	0.081349
-61.999995	-0.237334	-61.999995	-0.582882	0.078807
-60.999995	-0.221196	-60.999995	-0.793338	0.076302
-59.999995	-0.225146	-59.999995	-0.997501	0.073839
-58.999995	-0.184441	-58.999995	-1.181401	0.071429
-57.999995	-0.060187	-57.999995	-1.284482	0.069135
-56.999995	0.042166	-56.999995	-1.277044	0.066985
-55.999995	0.107509	-55.999995	-1.186166	0.064953
-54.999995	0.144489	-54.999995	-1.044289	0.063007
-53.999995	0.149791	-53.999995	-0.880957	0.061116
-52.999995	0.154894	-52.999995	-0.712431	0.059264
-51.999995	0.141076	-51.999995	-0.548352	0.057442
-50.999995	0.135846	-50.999995	-0.393998	0.055644
-49.999995	0.115144	-49.999995	-0.253733	0.053866
-48.999995	0.062284	-48.999995	-0.149711	0.052087
-47.999995	0.032891	-47.999995	-0.085947	0.050301
-46.999995	0.026119	-46.999995	-0.042136	0.048530
-45.999995	-0.033830	-45.999995	-0.032925	0.046758
-44.999995	-0.117556	-44.999995	-0.094251	0.044949
-43.999995	-0.178879	-43.999995	-0.227391	0.043104
-42.999995	-0.216733	-42.999995	-0.409984	0.041242
-41.999995	-0.212600	-41.999995	-0.609261	0.039399
-40.999995	-0.163415	-40.999995	-0.781886	0.037616
-39.999995	-0.059444	-39.999995	-0.878889	0.035943
-38.999995	0.056805	-38.999995	-0.867633	0.034412
-37.999995	0.152077	-37.999995	-0.751556	0.033020
-36.999995	0.227714	-36.999995	-0.551013	0.031747
-35.999995	0.248025	-35.999995	-0.303833	0.030555
-34.999995	0.197636	-34.999995	-0.071421	0.029382
-33.999995	0.118057	-33.999995	0.097058	0.028180
-32.999995	0.031358	-32.999995	0.182890	0.026929
-31.999995	-0.047817	-31.999995	0.186466	0.025630
-30.999995	-0.088330	-30.999995	0.130151	0.024305
-29.999995	-0.110402	-29.999995	0.042032	0.022983
-28.999995	-0.105285	-28.999995	-0.054224	0.021686
-27.999995	-0.052251	-27.999995	-0.122019	0.020452
-26.999995	0.011588	-26.999995	-0.133230	0.019309
-25.999995	0.047596	-25.999995	-0.095071	0.018250
-24.999995	0.080917	-24.999995	-0.022248	0.017259
-23.999995	0.099494	-23.999995	0.075656	0.016328
-22.999995	0.086849	-22.999995	0.176264	0.015433
-21.999995	0.060031	-21.999995	0.257329	0.014554
-20.999995	0.024118	-20.999995	0.306963	0.013677
-19.999995	-0.015975	-19.999995	0.318741	0.012796
-18.999995	-0.045001	-18.999995	0.296121	0.011915
-17.999995	-0.057336	-17.999995	0.251908	0.011046
-16.999995	-0.089249	-16.999995	0.185132	0.010189
-15.999995	-0.112486	-15.999995	0.092050	0.009340
-14.999995	-0.081205	-14.999995	0.003095	0.008530
-13.999995	-0.023092	-13.999995	-0.042877	0.007796
-12.999995	0.020365	-12.999995	-0.039846	0.007146
-11.999995	0.018212	-11.999995	-0.016636	0.006550
-10.999995	-0.008145	-10.999995	-0.006680	0.005975
-9.999995	-0.018944	-9.999995	-0.015596	0.005415
-8.999995	-0.054979	-8.999995	-0.048556	0.004866
-7.999995	-0.092423	-7.999995	-0.117455	0.004314
-6.999995	-0.103499	-6.999995	-0.210751	0.003773
-5.999995	-0.109467	-5.999995	-0.312313	0.003257
-4.999995	-0.063691	-4.999995	-0.393488	0.002796
-3.999995	0.023513	-3.999995	-0.409606	0.002434
-2.999995	0.106815	-2.999995	-0.342404	0.002190
-1.999995	0.151827	-1.999995	-0.211398	0.002043
-0.999995	0.189188	-0.999995	-0.039441	0.001972
0.000005	0.190029	0.000005	0.149629	0.001952
1.000005	0.100878	1.000005	0.293996	0.001921
2.000005	-0.037912	2.000005	0.326558	0.001813
3.000005	-0.149671	3.000005	0.234327	0.001614
4.000005	-0.274847	4.000005	0.022484	0.001330
5.000005	-0.414748	5.000005	-0.319094	0.000950
6.000005	-0.420421	6.000005	-0.730847	0.000535
7.000005	-0.302320	7.000005	-1.089365	0.000206
8.000005	-0.179867	8.000005	-1.330833	0.000029
9.000005	-0.075388	9.000005	-1.458439	0.000000
10.000005	0.065531	10.000005	-1.462049	0.000129
11.000005	0.263889	11.000005	-1.298498	0.000459
12.000005	0.392838	12.000005	-0.976148	0.000983
13.000005	0.359366	13.000005	-0.605668	0.001589
14.000005	0.288418	14.000005	-0.283308	0.002180
15.000005	0.264472	15.000005	-0.007821	0.002759
16.000005	0.243695	16.000005	0.243526	0.003348
17.000005	0.197712	17.000005	0.460622	0.003937
18.000005	0.126184	18.000005	0.618532	0.004501
19.000005	0.021906	19.000005	0.689644	0.005013
20.000005	-0.041803	20.000005	0.677640	0.005475
21.000005	-0.082955	21.000005	0.612163	0.005918
22.000005	-0.120485	22.000005	0.507790	0.006357
23.000005	-0.100934	23.000005	0.394708	0.006820
24.000005	-0.051206	24.000005	0.314652	0.007352
25.000005	-0.008733	25.000005	0.280676	0.007963
26.000005	0.076019	26.000005	0.309080	0.008671
27.000005	0.107521	27.000005	0.393541	0.009469
28.000005	0.095029	28.000005	0.488309	0.010311
29.000005	0.080949	29.000005	0.570447	0.011176
30.000005	0.067431	30.000005	0.638444	0.012060
31.000005	0.049045	31.000005	0.689644	0.012961
32.000005	0.003758	32.000005	0.708657	0.013865
33.000005	-0.050045	33.000005	0.678428	0.014753
34.000005	-0.103097	34.000005	0.594891	0.015623
35.000005	-0.145832	35.000005	0.464158	0.016479
36.000005	-0.141209	36.000005	0.314528	0.017350
37.000005	-0.105515	37.000005	0.183455	0.018275
38.000005	-0.086218	38.000005	0.077995	0.019259
39.000005	-0.113087	39.000005	-0.030991	0.020274
40.000005	-0.130761	40.000005	-0.160799	0.021302
41.000005	-0.111934	41.000005	-0.291411	0.022363
42.000005	-0.136997	42.000005	-0.426910	0.023454
43.000005	-0.197357	43.000005	-0.603930	0.024537
44.000005	-0.231375	44.000005	-0.826390	0.025610
45.000005	-0.203603	45.000005	-1.052121	0.026713
46.000005	-0.143484	46.000005	-1.235508	0.027892
47.000005	-0.085303	47.000005	-1.360975	0.029164
48.000005	-0.040724	48.000005	-1.435257	0.030521
49.000005	0.005647	49.000005	-1.464204	0.031957
50.000005	0.044877	50.000005	-1.451315	0.033470
51.000005	0.052724	51.000005	-1.416132	0.035039
52.000005	0.006765	52.000005	-1.400570	0.036623
53.000005	-0.084525	53.000005	-1.452860	0.038172
54.000005	-0.179456	54.000005	-1.596285	0.039665
55.000005	-0.211771	55.000005	-1.800950	0.041131
55.999995	-0.120140	55.999995	-1.975972	0.042661
56.999995	0.045927	56.999995	-2.025076	0.044351
57.999995	0.208404	57.999995	-1.912164	0.046237
58.999995	0.350715	58.999995	-1.647796	0.048308
59.999995	0.457413	59.999995	-1.260213	0.050537
60.999995	0.495197	60.999995	-0.801989	0.052871
61.999995	0.433651	61.999995	-0.356762	0.055226
62.999995	0.262768	62.999995	-0.026397	0.057500
63.999995	0.070601	63.999995	0.126218	0.059631
64.999995	-0.036586	64.999995	0.131186	0.061648
65.999995	-0.054498	65.999995	0.071285	0.063635
66.999995	-0.085617	66.999995	-0.016320	0.065628
67.999995	-0.167432	67.999995	-0.159882	0.067599
68.999995	-0.224838	68.999995	-0.371838	0.069536
69.999995	-0.261463	69.999995	-0.630739	0.071460
70.999995	-0.257149	70.999995	-0.905473	0.073403
71.999995	-0.203442	71.999995	-1.151939	0.075408
72.999995	-0.131329	72.999995	-1.337240	0.077509
73.999995	-0.080431	73.999995	-1.461054	0.079705
74.999995	0.001074	74.999995	-1.517377	0.082002
75.999995	0.136387	75.999995	-1.466518	0.084441
76.999995	0.256507	76.999995	-1.289523	0.087041
77.999995	0.367757	77.999995	-0.997803	0.089789
78.999995	0.430807	78.999995	-0.620401	0.092657
79.999995	0.427593	79.999995	-0.213143	0.095589
80.999995	0.386397	80.999995	0.172387	0.098534
81.999995	0.314931	81.999995	0.501354	0.101456
82.999995	0.207449	82.999995	0.741674	0.104324
83.999995	0.122507	83.999995	0.888091	0.107132
84.999995	0.125522	84.999995	0.993611	0.109933
85.999995	0.167380	85.999995	1.119126	0.112789
86.999995	0.193153	86.999995	1.275977	0.115710
87.999995	0.151824	87.999995	1.423617	0.118656
88.999995	0.038809	88.999995	1.495753	0.121560
89.999995	-0.048180	89.999995	1.470892	0.124402
90.999995	-0.049498	90.999995	1.403227	0.127235
91.999995	0.053109	91.999995	1.384835	0.130152
92.999995	0.188707	92.999995	1.481724	0.133218
93.999995	0.257886	93.999995	1.677679	0.136417
94.999995	0.213741	94.999995	1.883557	0.139661
95.999995	-0.008247	95.999995	1.958940	0.142808
96.999995	-0.207025	96.999995	1.832507	0.145787
97.999995	-0.159253	97.999995	1.632860	0.148727
98.999995	0.034675	98.999995	1.545747	0.151815
99.999995	0.089090	99.999995	1.576031	0.155053
100.999995	-0.022358	100.999995	1.579528	0.158299
101.999995	-0.177244	101.999995	1.454921	0.161451
102.999995	-0.241795	102.999995	1.224469	0.164532
103.999995	-0.150785	103.999995	1.005697	0.167658
104.999995	-0.030648	104.999995	0.887651	0.170920
105.999995	0.025491	105.999995	0.855276	0.174301
106.999995	0.005465	106.999995	0.841918	0.177735
107.999995	-0.019380	107.999995	0.807223	0.181182
108.999995	-0.054484	108.999995	0.743287	0.184634
109.999995	-0.046109	109.999995	0.665332	0.188106
110.999995	-0.066291	110.999995	0.579770	0.191605
111.999995	-0.111687	111.999995	0.462931	0.195107
112.999995	-0.099875	112.999995	0.328827	0.198625
113.999995	-0.122908	113.999995	0.186680	0.202170
114.999995	-0.192320	114.999995	-0.000459	0.205704
115.999995	-0.224450	115.999995	-0.235575	0.209224
116.999995	-0.155700	116.999995	-0.451307	0.212797
117.999995	0.015023	117.999995	-0.550658	0.216522
118.999995	0.138671	118.999995	-0.508033	0.220422
119.999995	0.127325	119.999995	-0.409871	0.224412
120.999995	0.052591	120.999995	-0.351761	0.228396
121.999995	-0.000664	121.999995	-0.356232	0.232352
122.999995	-0.036267	122.999995	-0.406410	0.236296
123.999995	-0.098636	123.999995	-0.504704	0.240227
124.999995	-0.088460	124.999995	-0.627272	0.244167
125.999995	-0.004428	125.999995	-0.704273	0.248187
126.999995	0.091460	126.999995	-0.693305	0.252329
127.999995	0.178689	127.999995	-0.591981	0.256595
128.999995	0.233445	128.999995	-0.421083	0.260966
129.999995	0.223629	129.999995	-0.230054	0.265390
130.999995	0.085645	130.999995	-0.112139	0.269776
131.999995	-0.079131	131.999995	-0.143151	0.274047
132.999995	-0.192199	132.999995	-0.309821	0.278217
133.999995	-0.345218	133.999995	-0.626655	0.282270
134.999995	-0.572476	134.999995	-1.057365	0.286244
