gID15-M1+ML-C-15-ABBA3ave.slp
Rc (m)	SLP err rms (urad) 	HGT err rms (nm)	PV profile (um)	PV HGT err (nm)
29497.264374	0.161316	0.990542	0.337309	4.505771
x (mm)	slope error (urad)	x (mm)	HGT error (nm)	HGT  (um)
-134.999995	0.184312
-133.999995	0.155451
-132.999995	0.110297
-131.999995	0.066473
-130.999995	-0.013092
-129.999995	-0.096638
-128.999995	-0.101745
-127.999995	-0.070143
-126.999995	-0.044335
-125.999995	0.038859
-124.999995	0.052265
-123.999995	-0.014628
-122.999995	-0.003884
-121.999995	0.037363
-120.999995	0.053723
-119.999995	0.042229
-118.999995	0.006732
-117.999995	0.005643
-116.999995	0.088375
-115.999995	0.131780
-114.999995	0.065194
-113.999995	-0.055878
-112.999995	-0.073053
-111.999995	0.024077
-110.999995	0.073307
-109.999995	0.064639
-108.999995	0.057763
-107.999995	0.087737
-106.999995	0.134189
-105.999995	0.170267
-104.999995	0.197687
-103.999995	0.162911
-102.999995	0.060339
-101.999995	0.004362
-100.999995	0.057023
-99.999995	0.115624
-98.999995	0.093741
-97.999995	0.014120
-96.999995	0.005425
-95.999995	0.090013
-94.999995	0.133021
-93.999995	0.136028
-92.999995	0.188602
-91.999995	0.227053
-90.999995	0.171041
-89.999995	0.077130
-88.999995	-0.013193
-87.999995	-0.092141
-86.999995	-0.148400
-85.999995	-0.129273
-84.999995	-0.078352
-83.999995	-0.109214
-82.999995	-0.193644
-81.999995	-0.231980
-80.999995	-0.205093
-79.999995	-0.147991
-78.999995	-0.102022
-77.999995	-0.093210
-76.999995	-0.079270
-75.999995	-0.058921
-74.999995	-0.060623
-73.999995	-0.148210
-72.999995	-0.074872
-71.999995	-0.046157
-70.999995	-0.135338
-69.999995	-0.142268
-68.999995	-0.139827
-67.999995	-0.146653
-66.999995	-0.174607
-65.999995	-0.183020
-64.999995	-0.191019
-63.999995	-0.208554
-62.999995	-0.231476
-61.999995	-0.237334
-60.999995	-0.221196
-59.999995	-0.225146
-58.999995	-0.184441
-57.999995	-0.060187
-56.999995	0.042166
-55.999995	0.107509
-54.999995	0.144489
-53.999995	0.149791
-52.999995	0.154894
-51.999995	0.141076
-50.999995	0.135846
-49.999995	0.115144
-48.999995	0.062284
-47.999995	0.032891
-46.999995	0.026119
-45.999995	-0.033830
-44.999995	-0.117556
-43.999995	-0.178879
-42.999995	-0.216733
-41.999995	-0.212600
-40.999995	-0.163415
-39.999995	-0.059444
-38.999995	0.056805
-37.999995	0.152077
-36.999995	0.227714
-35.999995	0.248025
-34.999995	0.197636
-33.999995	0.118057
-32.999995	0.031358
-31.999995	-0.047817
-30.999995	-0.088330
-29.999995	-0.110402
-28.999995	-0.105285
-27.999995	-0.052251
-26.999995	0.011588
-25.999995	0.047596
-24.999995	0.080917
-23.999995	0.099494
-22.999995	0.086849
-21.999995	0.060031
-20.999995	0.024118
-19.999995	-0.015975
-18.999995	-0.045001
-17.999995	-0.057336
-16.999995	-0.089249
-15.999995	-0.112486
-14.999995	-0.081205
-13.999995	-0.023092
-12.999995	0.020365
-11.999995	0.018212
-10.999995	-0.008145
-9.999995	-0.018944
-8.999995	-0.054979
-7.999995	-0.092423
-6.999995	-0.103499
-5.999995	-0.109467
-4.999995	-0.063691
-3.999995	0.023513
-2.999995	0.106815
-1.999995	0.151827
-0.999995	0.189188
0.000005	0.190029
1.000005	0.100878
2.000005	-0.037912
3.000005	-0.149671
4.000005	-0.274847
5.000005	-0.414748
6.000005	-0.420421
7.000005	-0.302320
8.000005	-0.179867
9.000005	-0.075388
10.000005	0.065531
11.000005	0.263889
12.000005	0.392838
13.000005	0.359366
14.000005	0.288418
15.000005	0.264472
16.000005	0.243695
17.000005	0.197712
18.000005	0.126184
19.000005	0.021906
20.000005	-0.041803
21.000005	-0.082955
22.000005	-0.120485
23.000005	-0.100934
24.000005	-0.051206
25.000005	-0.008733
26.000005	0.076019
27.000005	0.107521
28.000005	0.095029
29.000005	0.080949
30.000005	0.067431
31.000005	0.049045
32.000005	0.003758
33.000005	-0.050045
34.000005	-0.103097
35.000005	-0.145832
36.000005	-0.141209
37.000005	-0.105515
38.000005	-0.086218
39.000005	-0.113087
40.000005	-0.130761
41.000005	-0.111934
42.000005	-0.136997
43.000005	-0.197357
44.000005	-0.231375
45.000005	-0.203603
46.000005	-0.143484
47.000005	-0.085303
48.000005	-0.040724
49.000005	0.005647
50.000005	0.044877
51.000005	0.052724
52.000005	0.006765
53.000005	-0.084525
54.000005	-0.179456
55.000005	-0.211771
55.999995	-0.120140
56.999995	0.045927
57.999995	0.208404
58.999995	0.350715
59.999995	0.457413
60.999995	0.495197
61.999995	0.433651
62.999995	0.262768
63.999995	0.070601
64.999995	-0.036586
65.999995	-0.054498
66.999995	-0.085617
67.999995	-0.167432
68.999995	-0.224838
69.999995	-0.261463
70.999995	-0.257149
71.999995	-0.203442
72.999995	-0.131329
73.999995	-0.080431
74.999995	0.001074
75.999995	0.136387
76.999995	0.256507
77.999995	0.367757
78.999995	0.430807
79.999995	0.427593
80.999995	0.386397
81.999995	0.314931
82.999995	0.207449
83.999995	0.122507
84.999995	0.125522
85.999995	0.167380
86.999995	0.193153
87.999995	0.151824
88.999995	0.038809
89.999995	-0.048180
90.999995	-0.049498
91.999995	0.053109
92.999995	0.188707
93.999995	0.257886
94.999995	0.213741
95.999995	-0.008247
96.999995	-0.207025
97.999995	-0.159253
98.999995	0.034675
99.999995	0.089090
100.999995	-0.022358
101.999995	-0.177244
102.999995	-0.241795
103.999995	-0.150785
104.999995	-0.030648
105.999995	0.025491
106.999995	0.005465
107.999995	-0.019380
108.999995	-0.054484
109.999995	-0.046109
110.999995	-0.066291
111.999995	-0.111687
112.999995	-0.099875
113.999995	-0.122908
114.999995	-0.192320
115.999995	-0.224450
116.999995	-0.155700
117.999995	0.015023
118.999995	0.138671
119.999995	0.127325
120.999995	0.052591
121.999995	-0.000664
122.999995	-0.036267
123.999995	-0.098636
124.999995	-0.088460
125.999995	-0.004428
126.999995	0.091460
127.999995	0.178689
128.999995	0.233445
129.999995	0.223629
130.999995	0.085645
131.999995	-0.079131
132.999995	-0.192199
133.999995	-0.345218
134.999995	-0.572476