#22/11/2013 at 11:26
#No ref/No gravity 8781 - 6286 - p=8.128 q= 0.572 - 3.1 mrad - trace +10 mm from centre
#816.000000
#-1.000000
#481
-240.000	-657.086
-239.000	-655.399
-238.000	-653.103
-237.000	-650.651
-236.000	-648.357
-235.000	-646.367
-234.000	-644.503
-233.000	-642.655
-232.000	-640.403
-231.000	-637.863
-230.000	-635.547
-229.000	-633.317
-228.000	-630.893
-227.000	-628.347
-226.000	-625.901
-225.000	-623.640
-224.000	-621.126
-223.000	-618.157
-222.000	-615.169
-221.000	-612.421
-220.000	-610.072
-219.000	-607.943
-218.000	-605.876
-217.000	-603.776
-216.000	-601.753
-215.000	-599.681
-214.000	-597.414
-213.000	-595.247
-212.000	-593.372
-211.000	-591.701
-210.000	-590.171
-209.000	-588.474
-208.000	-586.364
-207.000	-584.120
-206.000	-581.860
-205.000	-579.879
-204.000	-578.017
-203.000	-576.462
-202.000	-575.116
-201.000	-573.308
-200.000	-571.270
-199.000	-569.108
-198.000	-566.985
-197.000	-565.057
-196.000	-563.027
-195.000	-561.052
-194.000	-559.470
-193.000	-557.642
-192.000	-555.602
-191.000	-553.450
-190.000	-551.255
-189.000	-549.011
-188.000	-546.918
-187.000	-545.045
-186.000	-543.053
-185.000	-541.196
-184.000	-539.336
-183.000	-537.280
-182.000	-534.864
-181.000	-532.275
-180.000	-530.203
-179.000	-528.053
-178.000	-525.899
-177.000	-523.814
-176.000	-521.828
-175.000	-519.652
-174.000	-517.244
-173.000	-515.086
-172.000	-512.959
-171.000	-510.978
-170.000	-509.276
-169.000	-507.098
-168.000	-504.548
-167.000	-502.176
-166.000	-499.616
-165.000	-497.080
-164.000	-494.815
-163.000	-492.849
-162.000	-491.115
-161.000	-489.337
-160.000	-487.188
-159.000	-484.811
-158.000	-482.375
-157.000	-479.880
-156.000	-477.745
-155.000	-475.989
-154.000	-474.089
-153.000	-471.953
-152.000	-469.913
-151.000	-467.618
-150.000	-465.055
-149.000	-462.497
-148.000	-460.147
-147.000	-457.922
-146.000	-455.799
-145.000	-453.718
-144.000	-451.418
-143.000	-448.874
-142.000	-445.983
-141.000	-443.349
-140.000	-441.103
-139.000	-439.104
-138.000	-437.139
-137.000	-434.808
-136.000	-432.344
-135.000	-430.079
-134.000	-427.795
-133.000	-425.327
-132.000	-423.098
-131.000	-420.753
-130.000	-418.373
-129.000	-416.318
-128.000	-414.152
-127.000	-411.600
-126.000	-408.915
-125.000	-406.426
-124.000	-404.053
-123.000	-401.693
-122.000	-399.346
-121.000	-396.917
-120.000	-394.731
-119.000	-392.386
-118.000	-389.495
-117.000	-386.817
-116.000	-384.466
-115.000	-382.401
-114.000	-380.501
-113.000	-378.605
-112.000	-376.502
-111.000	-374.174
-110.000	-371.626
-109.000	-369.055
-108.000	-366.571
-107.000	-364.233
-106.000	-361.978
-105.000	-359.705
-104.000	-357.432
-103.000	-355.246
-102.000	-352.448
-101.000	-349.378
-100.000	-346.711
-99.000	-344.455
-98.000	-342.222
-97.000	-339.810
-96.000	-337.235
-95.000	-334.667
-94.000	-331.863
-93.000	-329.159
-92.000	-326.700
-91.000	-324.281
-90.000	-321.890
-89.000	-319.406
-88.000	-316.933
-87.000	-314.409
-86.000	-311.329
-85.000	-308.442
-84.000	-305.948
-83.000	-303.458
-82.000	-301.018
-81.000	-298.850
-80.000	-296.673
-79.000	-294.035
-78.000	-290.982
-77.000	-288.304
-76.000	-285.852
-75.000	-283.567
-74.000	-281.140
-73.000	-278.556
-72.000	-276.016
-71.000	-273.173
-70.000	-270.068
-69.000	-267.229
-68.000	-264.951
-67.000	-262.762
-66.000	-260.362
-65.000	-258.026
-64.000	-255.801
-63.000	-253.050
-62.000	-249.889
-61.000	-247.248
-60.000	-244.912
-59.000	-242.330
-58.000	-239.602
-57.000	-237.034
-56.000	-234.419
-55.000	-231.694
-54.000	-228.949
-53.000	-226.269
-52.000	-223.636
-51.000	-220.953
-50.000	-218.241
-49.000	-215.824
-48.000	-213.270
-47.000	-210.385
-46.000	-207.173
-45.000	-204.156
-44.000	-201.629
-43.000	-198.905
-42.000	-196.300
-41.000	-193.666
-40.000	-190.641
-39.000	-187.632
-38.000	-184.904
-37.000	-182.309
-36.000	-179.477
-35.000	-176.732
-34.000	-174.105
-33.000	-171.297
-32.000	-168.544
-31.000	-165.578
-30.000	-162.453
-29.000	-159.841
-28.000	-157.138
-27.000	-154.100
-26.000	-151.256
-25.000	-148.493
-24.000	-145.500
-23.000	-142.442
-22.000	-139.306
-21.000	-136.129
-20.000	-133.088
-19.000	-130.356
-18.000	-127.704
-17.000	-124.877
-16.000	-121.880
-15.000	-119.085
-14.000	-116.139
-13.000	-113.017
-12.000	-110.021
-11.000	-107.034
-10.000	-104.070
-9.000	-101.210
-8.000	-98.244
-7.000	-95.337
-6.000	-92.470
-5.000	-89.024
-4.000	-85.825
-3.000	-83.028
-2.000	-80.184
-1.000	-76.961
0.000	-73.772
1.000	-70.649
2.000	-67.157
3.000	-64.101
4.000	-61.268
5.000	-58.350
6.000	-55.457
7.000	-52.505
8.000	-49.248
9.000	-46.025
10.000	-42.697
11.000	-39.454
12.000	-36.431
13.000	-33.347
14.000	-30.323
15.000	-27.237
16.000	-23.955
17.000	-20.703
18.000	-17.278
19.000	-13.987
20.000	-10.910
21.000	-7.827
22.000	-4.553
23.000	-1.328
24.000	1.798
25.000	4.960
26.000	8.063
27.000	11.438
28.000	14.937
29.000	18.235
30.000	21.059
31.000	24.208
32.000	27.738
33.000	31.090
34.000	34.231
35.000	37.402
36.000	40.815
37.000	44.246
38.000	47.425
39.000	50.743
40.000	54.034
41.000	57.317
42.000	60.849
43.000	64.322
44.000	67.889
45.000	71.395
46.000	74.691
47.000	77.986
48.000	81.556
49.000	85.075
50.000	88.747
51.000	92.308
52.000	95.683
53.000	99.068
54.000	102.303
55.000	105.548
56.000	108.864
57.000	112.425
58.000	115.979
59.000	119.622
60.000	123.348
61.000	126.927
62.000	130.072
63.000	133.445
64.000	137.195
65.000	140.918
66.000	144.693
67.000	148.286
68.000	151.928
69.000	155.655
70.000	158.987
71.000	162.664
72.000	166.731
73.000	170.513
74.000	174.188
75.000	177.825
76.000	181.637
77.000	185.569
78.000	189.080
79.000	192.725
80.000	196.324
81.000	200.001
82.000	204.017
83.000	207.986
84.000	211.671
85.000	215.481
86.000	219.038
87.000	222.719
88.000	226.518
89.000	230.407
90.000	234.292
91.000	238.047
92.000	241.856
93.000	245.577
94.000	248.839
95.000	252.086
96.000	256.102
97.000	260.565
98.000	264.666
99.000	268.696
100.000	272.877
101.000	276.729
102.000	280.287
103.000	284.105
104.000	288.172
105.000	292.154
106.000	296.411
107.000	300.871
108.000	305.160
109.000	309.470
110.000	313.373
111.000	317.367
112.000	321.368
113.000	325.424
114.000	329.918
115.000	334.244
116.000	338.166
117.000	342.143
118.000	346.128
119.000	350.172
120.000	354.365
121.000	358.593
122.000	362.724
123.000	367.301
124.000	371.660
125.000	375.488
126.000	379.379
127.000	383.878
128.000	388.697
129.000	393.252
130.000	397.402
131.000	401.771
132.000	406.130
133.000	410.301
134.000	414.543
135.000	419.073
136.000	423.759
137.000	428.049
138.000	432.264
139.000	436.700
140.000	441.196
141.000	445.917
142.000	450.176
143.000	454.392
144.000	459.102
145.000	464.104
146.000	469.101
147.000	473.862
148.000	478.385
149.000	482.984
150.000	487.658
151.000	492.283
152.000	496.935
153.000	501.677
154.000	506.509
155.000	511.366
156.000	515.621
157.000	520.190
158.000	524.821
159.000	529.592
160.000	534.399
161.000	539.117
162.000	543.636
163.000	548.565
164.000	553.144
165.000	557.555
166.000	562.199
167.000	567.092
168.000	571.788
169.000	576.839
170.000	581.978
171.000	586.897
172.000	591.708
173.000	596.263
174.000	600.908
175.000	605.875
176.000	610.731
177.000	615.734
178.000	620.737
179.000	625.661
180.000	630.667
181.000	635.505
182.000	640.308
183.000	645.065
184.000	650.240
185.000	655.189
186.000	660.189
187.000	665.281
188.000	670.183
189.000	675.219
190.000	680.163
191.000	685.054
192.000	690.088
193.000	695.331
194.000	700.555
195.000	705.480
196.000	710.347
197.000	715.648
198.000	720.804
199.000	725.937
200.000	731.227
201.000	736.461
202.000	741.658
203.000	747.015
204.000	752.296
205.000	757.606
206.000	763.088
207.000	768.634
208.000	774.035
209.000	779.472
210.000	785.209
211.000	790.557
212.000	795.897
213.000	801.456
214.000	807.040
215.000	812.608
216.000	818.169
217.000	823.757
218.000	829.248
219.000	834.584
220.000	839.785
221.000	845.049
222.000	850.463
223.000	856.008
224.000	862.046
225.000	868.375
226.000	874.699
227.000	880.981
228.000	887.232
229.000	893.865
230.000	900.423
231.000	906.850
232.000	913.525
233.000	920.592
234.000	927.244
235.000	933.501
236.000	940.368
237.000	947.124
238.000	953.486
239.000	959.970
240.000	966.516
