#measuring device: BESSY-NOM
#slope profile along central axis in medidional direction
#rotational off axis parabola KMC-3 at BESSY-II
#finishing: classical polishing
#scan length [mm]: 1130
#dx [mm] :0.5
#Object-XSize :1300
#Object-YSize :100
#residual slope [urad]: 5
#paraboloid of rotation: P=0.9349; angle of incidence: 0.3deg; entrance arm: 17050mm
#x-position [mm]; y-slope [urad]
0.00	203.0649763
0.50	202.9011479
1.00	203.1004055
1.50	203.7576198
2.00	204.6941273
2.50	205.611461
3.00	206.2594399
3.50	206.5528214
4.00	206.6525836
4.50	206.832934
5.00	206.9865478
5.50	206.980192
6.00	206.7591717
6.50	206.4864087
7.00	206.2185228
7.50	205.9084883
8.00	205.5809429
8.50	205.5351099
9.00	205.7146119
9.50	205.8654526
10.00	205.9586263
10.50	206.0719144
11.00	206.1362086
11.50	206.1293535
12.00	206.1237686
12.50	206.1397524
13.00	206.2038139
13.50	206.2633861
14.00	206.296721
14.50	206.3727376
15.00	206.5390774
15.50	206.7441526
16.00	207.0157812
16.50	207.3222524
17.00	207.598123
17.50	207.9647772
18.00	208.3738805
18.50	208.6853888
19.00	208.9161002
19.50	209.2403151
20.00	209.6503929
20.50	210.1457082
21.00	210.5454985
21.50	210.7125994
22.00	210.6902792
22.50	210.6357925
23.00	210.6828084
23.50	210.8130548
24.00	210.9222511
24.50	210.9398251
25.00	210.7003194
25.50	210.2075541
26.00	209.6380111
26.50	209.4034988
27.00	209.5326204
27.50	209.8260747
28.00	210.0304615
28.50	209.9979411
29.00	209.6231423
29.50	209.1995725
30.00	208.7979448
30.50	208.4563159
31.00	207.9980684
31.50	207.2523006
32.00	206.3497387
32.50	205.5473947
33.00	205.0979609
33.50	204.9210428
34.00	204.843756
34.50	204.8069209
35.00	204.8981263
35.50	205.1280282
36.00	205.4340097
36.50	205.8319675
37.00	206.2478725
37.50	206.5989259
38.00	206.7946785
38.50	206.8512983
39.00	206.9411462
39.50	207.2985117
40.00	208.069431
40.50	208.9262132
41.00	209.4059567
41.50	209.6567971
42.00	209.9701863
42.50	210.5115092
43.00	211.2703133
43.50	212.0750619
44.00	212.551087
44.50	212.6783373
45.00	212.6888914
45.50	212.9518809
46.00	213.6323219
46.50	214.4700078
47.00	215.1134926
47.50	215.3587965
48.00	215.2884763
48.50	215.0538137
49.00	214.7739774
49.50	214.4673123
50.00	214.0930564
50.50	213.7456391
51.00	213.5554811
51.50	213.4591174
52.00	213.2542506
52.50	213.0015826
53.00	212.8083316
53.50	212.6495741
54.00	212.4775671
54.50	212.2030297
55.00	211.7961128
55.50	211.5423685
56.00	211.5895104
56.50	211.7813604
57.00	211.9182242
57.50	212.1669315
58.00	212.5762481
58.50	212.9968364
59.00	213.1272573
59.50	213.0035218
60.00	212.7844649
60.50	212.6493899
61.00	212.5874712
61.50	212.4499917
62.00	212.2034466
62.50	211.8903192
63.00	211.4051507
63.50	210.7850333
64.00	210.1908479
64.50	209.7467808
65.00	209.2699267
65.50	208.848907
66.00	208.6688959
66.50	208.8804917
67.00	209.3273852
67.50	209.8855742
68.00	210.1857139
68.50	210.0993952
69.00	209.7683011
69.50	209.4182803
70.00	209.1756961
70.50	208.9274349
71.00	208.5674466
71.50	208.1927253
72.00	207.9786813
72.50	207.8459188
73.00	207.6632171
73.50	207.4565371
74.00	207.29777
74.50	207.1826591
75.00	206.9836487
75.50	206.6450207
76.00	206.3534571
76.50	206.1861672
77.00	206.0187076
77.50	205.8074851
78.00	205.6997334
78.50	205.9078484
79.00	206.1337652
79.50	206.2864966
80.00	206.3002164
80.50	206.2990965
81.00	206.3445514
81.50	206.4898265
82.00	206.7244358
82.50	206.8388147
83.00	206.8373603
83.50	206.9011842
84.00	207.0426634
84.50	207.3573373
85.00	207.7516543
85.50	208.0788894
86.00	208.2094897
86.50	208.0637152
87.00	207.656488
87.50	207.0578279
88.00	206.5187885
88.50	206.2424864
89.00	206.2677348
89.50	206.3834614
90.00	206.3915721
90.50	206.1892893
91.00	205.8739512
91.50	205.5303346
92.00	205.139581
92.50	204.6968907
93.00	204.1885585
93.50	203.7890203
94.00	203.5901359
94.50	203.567457
95.00	203.5591184
95.50	203.5306364
96.00	203.5601801
96.50	203.5003897
97.00	203.1795636
97.50	202.5875598
98.00	202.1279597
98.50	202.00101
99.00	202.1017951
99.50	202.2482386
100.00	202.4130561
100.50	202.7563139
101.00	203.2336334
101.50	203.7175995
102.00	203.9426146
102.50	203.8420477
103.00	203.7169499
103.50	203.8040394
104.00	204.2236774
104.50	204.8465388
105.00	205.558453
105.50	206.0484307
106.00	206.2143583
106.50	206.1180528
107.00	206.026159
107.50	206.0334891
108.00	206.0862499
108.50	206.1674297
109.00	206.2405036
109.50	206.2758261
110.00	206.315347
110.50	206.4508244
111.00	206.6756552
111.50	206.8853506
112.00	206.9803714
112.50	206.9178274
113.00	206.883872
113.50	206.9397694
114.00	207.0455964
114.50	206.9809532
115.00	206.6880903
115.50	206.3706918
116.00	206.2005658
116.50	206.122033
117.00	205.975667
117.50	205.8001985
118.00	205.7980993
118.50	205.8177822
119.00	205.7713578
119.50	205.6435645
120.00	205.5697682
120.50	205.5098082
121.00	205.4225733
121.50	205.3020762
122.00	205.1435757
122.50	205.0340012
123.00	205.1046317
123.50	205.2613336
124.00	205.2180458
124.50	204.9922696
125.00	204.8523127
125.50	204.911468
126.00	204.9474208
126.50	204.791131
127.00	204.5350984
127.50	204.36457
128.00	204.2456922
128.50	204.1134048
129.00	203.991211
129.50	203.9047372
130.00	203.8388335
130.50	203.7766482
131.00	203.6615373
131.50	203.4050102
132.00	203.1473051
132.50	202.9093216
133.00	202.6935032
133.50	202.3955839
134.00	202.0988814
134.50	201.8707491
135.00	201.6719859
135.50	201.3061074
136.00	200.8997674
136.50	200.6077045
137.00	200.4026002
137.50	200.2470327
138.00	200.1488558
138.50	200.0494961
139.00	199.8773
139.50	199.6206953
140.00	199.3394241
140.50	199.0451892
141.00	198.6801833
141.50	198.2287909
142.00	197.6401516
142.50	196.8824286
143.00	195.9509726
143.50	194.9920819
144.00	194.1369965
144.50	193.2250344
145.00	192.2638844
145.50	191.4551168
146.00	190.8156656
146.50	190.2886977
147.00	189.8832837
147.50	189.4801434
148.00	189.0770177
148.50	188.7281071
149.00	188.4412752
149.50	188.1686867
150.00	187.8302284
150.50	187.3654216
151.00	186.8857411
151.50	186.3262673
152.00	185.7509018
152.50	185.113162
153.00	184.3235052
153.50	183.4999997
154.00	182.8131399
154.50	182.3014044
155.00	181.9656271
155.50	181.8068405
156.00	181.7948417
156.50	182.0082216
157.00	182.3919505
157.50	182.9428142
158.00	183.7114404
158.50	184.7412864
159.00	185.6978259
159.50	186.3572024
160.00	186.7977838
160.50	187.1295906
161.00	187.3202819
161.50	187.3549014
162.00	187.2300121
162.50	186.8496041
163.00	186.4853351
163.50	186.6262567
164.00	187.3603263
164.50	188.2682404
165.00	188.9230646
165.50	189.2707292
166.00	189.4687894
166.50	189.6746646
167.00	189.8082124
167.50	189.8203421
168.00	189.6881372
168.50	189.544011
169.00	189.4999572
169.50	189.503312
170.00	189.4502555
170.50	189.3958609
171.00	189.3937715
171.50	189.3720573
172.00	189.1983098
172.50	188.9030472
173.00	188.5486972
173.50	188.3484796
174.00	188.1803364
174.50	187.9613038
175.00	187.707191
175.50	187.4288528
176.00	187.2085645
176.50	187.0422975
177.00	187.0025682
177.50	187.0136507
178.00	186.9818769
178.50	186.8318556
179.00	186.5554662
179.50	186.2170516
180.00	185.8462232
180.50	185.4776831
181.00	184.9899598
181.50	184.4320568
182.00	183.8576366
182.50	183.3847676
183.00	182.8767699
183.50	182.2494387
184.00	181.4776032
184.50	180.6955286
185.00	180.0913321
185.50	179.5826896
186.00	179.0390979
186.50	178.5945751
187.00	178.3736275
187.50	178.4237122
188.00	178.5822564
188.50	178.5980948
189.00	178.4517821
189.50	178.2618326
190.00	178.1422761
190.50	178.0974757
191.00	178.1109968
191.50	177.9932583
192.00	177.6473632
192.50	177.1654671
193.00	176.9301985
193.50	177.0865805
194.00	177.5001488
194.50	177.9115743
195.00	178.1576685
195.50	178.2090767
196.00	178.1073414
196.50	177.9131499
197.00	177.7239761
197.50	177.6929732
198.00	177.8756894
198.50	178.233627
199.00	178.6563677
199.50	179.1647387
200.00	179.7970343
200.50	180.5758994
201.00	181.4460039
201.50	182.2232401
202.00	182.7456024
202.50	182.9090867
203.00	182.7746613
203.50	182.4468056
204.00	182.0843449
204.50	181.8274203
205.00	181.5292489
205.50	180.9436153
206.00	180.153018
206.50	179.6152294
207.00	179.6195102
207.50	179.8960644
208.00	180.0655407
208.50	180.0850345
209.00	180.1074856
209.50	180.1052798
210.00	180.0538571
210.50	179.9712326
211.00	179.905484
211.50	179.8940427
212.00	179.9283423
212.50	179.9767787
213.00	180.0341839
213.50	180.0842686
214.00	180.0828336
214.50	179.9015765
215.00	179.4810707
215.50	178.9323159
216.00	178.3582303
216.50	177.9217503
217.00	177.7419137
217.50	177.6984417
218.00	177.6432327
218.50	177.2854988
219.00	176.6172311
219.50	175.9963428
220.00	175.8583494
220.50	176.266391
221.00	176.8597135
221.50	177.3062434
222.00	177.5424816
222.50	177.5627607
223.00	177.3525902
223.50	176.900393
224.00	176.3728482
224.50	176.0754961
225.00	176.086506
225.50	176.292352
226.00	176.3868977
226.50	176.2876883
227.00	176.1822103
227.50	176.0671043
228.00	175.8387247
228.50	175.4451931
229.00	175.0029828
229.50	174.5736972
230.00	174.2013369
230.50	173.7655841
231.00	173.3320081
231.50	173.0192491
232.00	172.9610731
232.50	173.0772118
233.00	173.1427179
233.50	173.0787922
234.00	172.9569086
234.50	173.0601129
235.00	173.4814865
235.50	174.0628926
236.00	174.6422237
236.50	175.0815252
237.00	175.3632619
237.50	175.5183882
238.00	175.545474
238.50	175.5320984
239.00	175.5331164
239.50	175.6009012
240.00	175.7568468
240.50	175.9074548
241.00	175.9608409
241.50	175.9144698
242.00	175.8191727
242.50	175.631749
243.00	175.2392501
243.50	174.5815316
244.00	173.8649972
244.50	173.3648678
245.00	173.1333661
245.50	173.0042639
246.00	172.8511544
246.50	172.7391365
247.00	172.7025923
247.50	172.7391704
248.00	172.8579173
248.50	173.0612037
249.00	173.2687029
249.50	173.362536
250.00	173.3859469
250.50	173.4154713
251.00	173.4927241
251.50	173.5831636
252.00	173.6212058
252.50	173.5545652
253.00	173.5099491
253.50	173.4367394
254.00	173.2272525
254.50	172.8833305
255.00	172.6585773
255.50	172.6293487
256.00	172.6833408
256.50	172.6770675
257.00	172.4511847
257.50	172.063495
258.00	171.8708597
258.50	172.1885103
259.00	172.7916355
259.50	173.287072
260.00	173.5332195
260.50	173.7921318
261.00	174.201686
261.50	174.7807747
262.00	175.4800018
262.50	176.1096503
263.00	176.6159172
263.50	176.9180931
264.00	177.1122555
264.50	177.3530508
265.00	177.6120843
265.50	177.7358828
266.00	177.7318493
266.50	177.6876695
267.00	177.6660328
267.50	177.5122203
268.00	177.3069221
268.50	177.2524596
269.00	177.4045414
269.50	177.7315778
270.00	178.0495581
270.50	178.2074526
271.00	178.2163923
271.50	178.1131396
272.00	177.931805
272.50	177.7233653
273.00	177.533697
273.50	177.4664164
274.00	177.577072
274.50	177.7132184
275.00	177.7682529
275.50	177.7447062
276.00	177.7290277
276.50	177.5982045
277.00	177.3079644
277.50	176.9446504
278.00	176.744428
278.50	176.7955987
279.00	177.0466136
279.50	177.3119834
280.00	177.5049483
280.50	177.6092094
281.00	177.6234722
281.50	177.5868311
282.00	177.5193469
282.50	177.4162348
283.00	177.2609776
283.50	177.1214328
284.00	176.9759297
284.50	176.8579294
285.00	176.7877061
285.50	176.7429445
286.00	176.6985708
286.50	176.5971555
287.00	176.5186227
287.50	176.4521906
288.00	176.3453407
288.50	176.1810177
289.00	175.9519982
289.50	175.5832254
290.00	175.1597768
290.50	174.865256
291.00	174.6092185
291.50	174.2049099
292.00	173.5789022
292.50	172.722886
293.00	171.8350087
293.50	171.020535
294.00	170.3231987
294.50	169.6908886
295.00	168.9672955
295.50	168.0222846
296.00	167.037777
296.50	166.1519747
297.00	165.5632966
297.50	165.3134985
298.00	165.2107306
298.50	165.0629975
299.00	164.6966778
299.50	164.1426338
300.00	163.3801937
300.50	162.5752027
301.00	161.9471103
301.50	161.4842184
302.00	161.0685121
302.50	160.5202761
303.00	159.7333681
303.50	158.8490444
304.00	158.1153772
304.50	157.626117
305.00	157.2153896
305.50	156.686051
306.00	156.0203819
306.50	155.5092039
307.00	155.2136698
307.50	155.1785703
308.00	155.3826032
308.50	155.6442061
309.00	155.8568831
309.50	156.1996173
310.00	156.9540921
310.50	158.100935
311.00	159.379881
311.50	160.5930785
312.00	161.4705374
312.50	162.1160195
313.00	162.5665684
313.50	162.934488
314.00	163.2084484
314.50	163.3002453
315.00	163.3434022
315.50	163.5517547
316.00	163.882301
316.50	164.081995
317.00	164.0323951
317.50	163.808306
318.00	163.5416854
318.50	163.3384912
319.00	163.246098
319.50	163.2029993
320.00	163.0693545
320.50	162.8463852
321.00	162.6376692
321.50	162.5292436
322.00	162.4320024
322.50	162.3243284
323.00	162.2537706
323.50	162.2694296
324.00	162.2830622
324.50	162.1523068
325.00	161.8608984
325.50	161.5543981
326.00	161.3007847
326.50	161.0156689
327.00	160.550993
327.50	159.9607296
328.00	159.4645853
328.50	159.2370492
329.00	159.3193586
329.50	159.5609926
330.00	159.7338287
330.50	159.6813054
331.00	159.3261943
331.50	158.7935251
332.00	158.2179657
332.50	157.5814233
333.00	157.0279562
333.50	156.5853629
334.00	156.258438
334.50	156.0234312
335.00	155.7481521
335.50	155.443974
336.00	155.192964
336.50	155.0390158
337.00	154.9919853
337.50	155.0238658
338.00	155.038148
338.50	154.936529
339.00	154.7778152
339.50	154.7015174
340.00	154.7301788
340.50	154.704402
341.00	154.5380137
341.50	154.2896749
342.00	154.1635833
342.50	154.2392024
343.00	154.3364097
343.50	154.2499795
344.00	153.9324743
344.50	153.5124387
345.00	153.2292961
345.50	153.0484124
346.00	152.8911142
346.50	152.867136
347.00	153.1292383
347.50	153.6062184
348.00	154.1048546
348.50	154.5694336
349.00	155.0619904
349.50	155.6088836
350.00	156.1186169
350.50	156.5329512
351.00	156.8393545
351.50	157.0487105
352.00	157.0838294
352.50	156.8901906
353.00	156.5860029
353.50	156.3474328
354.00	156.1601206
354.50	155.8885114
355.00	155.4877176
355.50	155.1068635
356.00	154.9694567
356.50	155.0868558
357.00	155.3644717
357.50	155.7498683
358.00	156.0911045
358.50	156.2359918
359.00	156.1116067
359.50	155.9013877
360.00	155.8096102
360.50	155.8354743
361.00	155.889161
361.50	155.9732351
362.00	156.1015762
362.50	156.1536388
363.00	156.0261461
363.50	155.7613387
364.00	155.4880521
364.50	155.2742068
365.00	155.0820321
365.50	154.8010711
366.00	154.3489417
366.50	153.751353
367.00	153.195268
367.50	152.787527
368.00	152.5188799
368.50	152.2214794
369.00	151.793144
369.50	151.3403651
370.00	151.0530774
370.50	151.0855251
371.00	151.2864214
371.50	151.3848455
372.00	151.3118734
372.50	151.1814428
373.00	151.1113892
373.50	150.9886475
374.00	150.7046274
374.50	150.3496956
375.00	150.0366991
375.50	149.8273624
376.00	149.7365545
376.50	149.5842013
377.00	149.1816961
377.50	148.5630671
378.00	148.0628553
378.50	147.8266607
379.00	147.5916636
379.50	147.2540877
380.00	146.8980942
380.50	146.7516991
381.00	146.9003533
381.50	147.3180037
382.00	147.9427412
382.50	148.7001733
383.00	149.470986
383.50	150.1931295
384.00	150.7011514
384.50	150.9735508
385.00	151.1172892
385.50	151.3212203
386.00	151.5980072
386.50	151.8546894
387.00	151.9925277
387.50	151.9420455
388.00	151.7092736
388.50	151.4089885
389.00	151.261522
389.50	151.3724152
390.00	151.4377323
390.50	151.2204255
391.00	150.7560114
391.50	150.3642396
392.00	150.2469084
392.50	150.2498753
393.00	150.1724916
393.50	150.0308863
394.00	149.9356183
394.50	149.8605034
395.00	149.7200229
395.50	149.4771962
396.00	149.0982426
396.50	148.6529684
397.00	148.2808068
397.50	148.0360167
398.00	147.8486803
398.50	147.6058392
399.00	147.1707554
399.50	146.494343
400.00	145.7953148
400.50	145.4697619
401.00	145.5342597
401.50	145.7950287
402.00	146.0555457
402.50	146.1734006
403.00	146.1228505
403.50	146.069537
404.00	146.2708745
404.50	146.6677996
405.00	146.8685844
405.50	146.7994422
406.00	146.4704182
406.50	146.0324741
407.00	145.7790352
407.50	145.9679569
408.00	146.5191648
408.50	147.0608755
409.00	147.2614954
409.50	147.2420937
410.00	147.3013702
410.50	147.6349562
411.00	148.1543564
411.50	148.6477616
412.00	149.0176883
412.50	149.157684
413.00	149.1436344
413.50	149.2631667
414.00	149.6159702
414.50	150.0930037
415.00	150.3875391
415.50	150.3151246
416.00	149.9660783
416.50	149.5843031
417.00	149.4634667
417.50	149.6635097
418.00	149.9330488
418.50	149.9520869
419.00	149.672081
419.50	149.3736187
420.00	149.3298122
420.50	149.5806429
421.00	149.926761
421.50	150.1451004
422.00	150.3168989
422.50	150.4140432
423.00	150.4266576
423.50	150.4424524
424.00	150.6031636
424.50	150.9487145
425.00	151.3684883
425.50	151.7057249
426.00	151.9197835
426.50	152.0186148
427.00	152.1107268
427.50	152.2088212
428.00	152.2967736
428.50	152.3418019
429.00	152.327064
429.50	152.2972051
430.00	152.2391406
430.50	152.1013847
431.00	151.9129866
431.50	151.7305369
432.00	151.6502492
432.50	151.6853245
433.00	151.7454058
433.50	151.7797684
434.00	151.7284814
434.50	151.5943906
435.00	151.3655504
435.50	151.0190493
436.00	150.6788797
436.50	150.459595
437.00	150.2621602
437.50	149.9284384
438.00	149.2942133
438.50	148.3319774
439.00	147.2691068
439.50	146.2634328
440.00	145.4358307
440.50	144.5885942
441.00	143.5639016
441.50	142.4194391
442.00	141.4248864
442.50	140.9204084
443.00	140.7691023
443.50	140.5258393
444.00	139.867098
444.50	138.8942837
445.00	138.0063871
445.50	137.2611864
446.00	136.6520934
446.50	136.0908114
447.00	135.4753578
447.50	134.690709
448.00	133.7636744
448.50	132.9188377
449.00	132.0537412
449.50	131.1146109
450.00	130.4302623
450.50	130.0441676
451.00	129.633096
451.50	128.9834785
452.00	128.2943111
452.50	127.9109313
453.00	127.9288495
453.50	128.2749094
454.00	128.8488302
454.50	129.6084633
455.00	130.4929324
455.50	131.4763298
456.00	132.5704895
456.50	133.615442
457.00	134.4580195
457.50	135.155797
458.00	135.7260721
458.50	136.1446872
459.00	136.3162046
459.50	136.2562882
460.00	136.2214068
460.50	136.4327651
461.00	136.8730168
461.50	137.4162012
462.00	137.8925803
462.50	138.2656193
463.00	138.444816
463.50	138.3372388
464.00	138.0775218
464.50	137.883849
465.00	137.8318154
465.50	137.7501121
466.00	137.4484065
466.50	137.0290594
467.00	136.6824419
467.50	136.4682088
468.00	136.3031683
468.50	136.1539226
469.00	135.9579132
469.50	135.6722205
470.00	135.3871581
470.50	135.2894855
471.00	135.4037334
471.50	135.5098513
472.00	135.4371119
472.50	135.1948137
473.00	134.9259873
473.50	134.711536
474.00	134.5425444
474.50	134.4258676
475.00	134.4436694
475.50	134.4591103
476.00	134.2692675
476.50	133.916367
477.00	133.5875757
477.50	133.291964
478.00	132.9461804
478.50	132.5453332
479.00	132.0649885
479.50	131.448003
480.00	130.7815048
480.50	130.262221
481.00	129.9894434
481.50	129.741633
482.00	129.3467343
482.50	128.7801049
483.00	128.1741631
483.50	127.634605
484.00	127.2049704
484.50	126.8731393
485.00	126.4476546
485.50	125.8670193
486.00	125.2256047
486.50	124.7938369
487.00	124.776389
487.50	125.0462044
488.00	125.2466547
488.50	125.1276945
489.00	124.7763308
489.50	124.4016144
490.00	124.194692
490.50	124.0905327
491.00	124.0305242
491.50	124.1009511
492.00	124.3345617
492.50	124.5474083
493.00	124.479546
493.50	124.2309405
494.00	124.0393379
494.50	124.0369769
495.00	124.1027885
495.50	124.1765411
496.00	124.2840504
496.50	124.5543264
497.00	125.1462768
497.50	125.9251274
498.00	126.6176497
498.50	127.0779867
499.00	127.4814857
499.50	127.8566482
500.00	128.1194922
500.50	128.3865492
501.00	128.6818117
501.50	128.8987743
502.00	128.9662681
502.50	128.9462168
503.00	128.9814424
503.50	129.0949147
504.00	129.2353758
504.50	129.326334
505.00	129.2583601
505.50	129.0393905
506.00	128.8946826
506.50	128.9778355
507.00	129.2312113
507.50	129.4229255
508.00	129.4092638
508.50	129.3087066
509.00	129.2855817
509.50	129.3108785
510.00	129.2212487
510.50	128.9724154
511.00	128.6993421
511.50	128.4827238
512.00	128.3528507
512.50	128.2893031
513.00	128.1220859
513.50	127.8411007
514.00	127.5475155
514.50	127.4094929
515.00	127.4022936
515.50	127.2460862
516.00	126.8988143
516.50	126.5037993
517.00	126.2551599
517.50	126.1167737
518.00	125.9760411
518.50	125.7256904
519.00	125.4265252
519.50	125.1228562
520.00	124.7408774
520.50	124.2885978
521.00	124.0181666
521.50	124.0152869
522.00	124.1584726
522.50	124.2519227
523.00	124.3205558
523.50	124.4399863
524.00	124.5804377
524.50	124.6675272
525.00	124.6897746
525.50	124.5800353
526.00	124.2473801
526.50	123.7313784
527.00	123.1100684
527.50	122.5455576
528.00	122.1647811
528.50	122.0968606
529.00	122.4651583
529.50	123.0480818
530.00	123.5512267
530.50	123.702334
531.00	123.4974284
531.50	123.2581117
532.00	123.1355155
532.50	123.1144558
533.00	123.1300033
533.50	123.0397384
534.00	122.8114025
534.50	122.6606927
535.00	122.7283999
535.50	122.9097005
536.00	123.0283796
536.50	123.1474949
537.00	123.7002203
537.50	124.5678474
538.00	125.5287307
538.50	126.2042074
539.00	126.5308026
539.50	126.7436735
540.00	126.9761738
540.50	127.0904751
541.00	127.0863349
541.50	127.0167807
542.00	126.8238109
542.50	126.3746679
543.00	125.779862
543.50	125.2085882
544.00	124.8148579
544.50	124.7313559
545.00	124.7993734
545.50	124.7704841
546.00	124.4542394
546.50	123.8286341
547.00	123.1438492
547.50	122.6384161
548.00	122.4826935
548.50	122.6059103
549.00	122.7704757
549.50	122.7820284
550.00	122.6345135
550.50	122.3599422
551.00	122.0289159
551.50	121.7013268
552.00	121.3559796
552.50	120.9934897
553.00	120.6777831
553.50	120.3385734
554.00	119.8746344
554.50	119.4423867
555.00	119.3543906
555.50	119.7454691
556.00	120.4371042
556.50	121.1390316
557.00	121.7982626
557.50	122.3647805
558.00	122.8627816
558.50	123.3202583
559.00	123.7130481
559.50	124.0950705
560.00	124.5414404
560.50	125.0500537
561.00	125.42047
561.50	125.4970539
562.00	125.2824523
562.50	124.8593092
563.00	124.5180051
563.50	124.5924704
564.00	124.9248444
564.50	125.1077886
565.00	125.0091851
565.50	124.7149551
566.00	124.3158775
566.50	123.9336369
567.00	123.7291919
567.50	123.7862965
568.00	124.068261
568.50	124.4125757
569.00	124.5980941
569.50	124.6171419
570.00	124.5522223
570.50	124.4679835
571.00	124.376269
571.50	124.2494987
572.00	124.1424354
572.50	124.127077
573.00	124.1805456
573.50	124.1542403
574.00	124.0373162
574.50	123.9357167
575.00	123.9457181
575.50	124.0111855
576.00	123.9797608
576.50	123.8360806
577.00	123.6560792
577.50	123.5512412
578.00	123.4823463
578.50	123.3759472
579.00	123.241231
579.50	123.0716383
580.00	122.907262
580.50	122.7430069
581.00	122.5075492
581.50	122.3034775
582.00	122.2581245
582.50	122.4773753
583.00	122.7781161
583.50	123.0418279
584.00	123.2419146
584.50	123.3473149
585.00	123.3969148
585.50	123.4281699
586.00	123.5567728
586.50	123.7053204
587.00	123.803696
587.50	123.6866604
588.00	123.245187
588.50	122.4848557
589.00	121.5390934
589.50	120.5870819
590.00	119.7163423
590.50	118.7995807
591.00	117.8618514
591.50	116.8304491
592.00	115.6697313
592.50	114.7618608
593.00	114.1864614
593.50	114.0816574
594.00	114.2956772
594.50	114.4125382
595.00	114.2218858
595.50	113.6243019
596.00	112.685826
596.50	111.3998698
597.00	109.9957727
597.50	108.8013418
598.00	107.9531842
598.50	107.3704207
599.00	106.8138072
599.50	106.1057568
600.00	105.1827655
600.50	103.9943268
601.00	102.5765922
601.50	101.3115551
602.00	100.38135
602.50	99.82752413
603.00	99.50211182
603.50	99.30002779
604.00	99.12224678
604.50	98.99062358
605.00	99.11672976
605.50	99.78294677
606.00	101.063546
606.50	102.5640698
607.00	103.8451296
607.50	104.6989254
608.00	105.4774997
608.50	106.4104633
609.00	107.408143
609.50	108.3905465
610.00	109.180213
610.50	109.9138027
611.00	110.6030865
611.50	111.1611397
612.00	111.4321963
612.50	111.34373
613.00	111.1137796
613.50	110.8656299
614.00	110.5981415
614.50	110.2877822
615.00	110.0194503
615.50	109.8107584
616.00	109.6628605
616.50	109.6218707
617.00	109.6110111
617.50	109.5436724
618.00	109.3589588
618.50	109.1673804
619.00	108.964128
619.50	108.7778775
620.00	108.6206714
620.50	108.4835118
621.00	108.2659044
621.50	108.0947846
622.00	107.9467461
622.50	107.6328914
623.00	107.2141405
623.50	106.9146069
624.00	106.8412954
624.50	106.8978037
625.00	106.9615937
625.50	106.9603477
626.00	106.8853589
626.50	106.803641
627.00	106.6191261
627.50	106.0577568
628.00	105.1250646
628.50	104.0136703
629.00	102.983577
629.50	102.0200758
630.00	101.1327803
630.50	100.3858295
631.00	99.84530659
631.50	99.65260829
632.00	99.78775114
632.50	100.0142982
633.00	100.0148169
633.50	99.76581878
634.00	99.49079659
634.50	99.22881067
635.00	98.8383673
635.50	98.13121378
636.00	97.44270566
636.50	97.02593765
637.00	97.02717874
637.50	97.25381304
638.00	97.24442246
638.50	96.67632898
639.00	95.59618488
639.50	94.43222856
640.00	93.70110168
640.50	93.51212179
641.00	93.71912654
641.50	94.089984
642.00	94.43766317
642.50	94.79939184
643.00	95.30685139
643.50	96.02678424
644.00	96.99158957
644.50	98.0863116
645.00	99.07878446
645.50	99.82924032
646.00	100.4591894
646.50	101.1237145
647.00	101.7862955
647.50	102.2482905
648.00	102.4209569
648.50	102.3074943
649.00	102.0364862
649.50	101.8207018
650.00	101.782548
650.50	101.9116939
651.00	102.1124883
651.50	102.3071404
652.00	102.4160798
652.50	102.267731
653.00	101.9487132
653.50	101.7859368
654.00	101.9294763
654.50	102.0725166
655.00	101.9578759
655.50	101.6325169
656.00	101.4006516
656.50	101.3724751
657.00	101.4249207
657.50	101.4674038
658.00	101.559254
658.50	101.6061535
659.00	101.4886477
659.50	101.2495734
660.00	101.0355148
660.50	100.8340077
661.00	100.4514714
661.50	99.99456682
662.00	99.57261144
662.50	99.10469702
663.00	98.51224234
663.50	97.87658712
664.00	97.33984565
664.50	96.96488678
665.00	96.72069302
665.50	96.62112965
666.00	96.72213773
666.50	96.97315747
667.00	97.13749982
667.50	96.93392261
668.00	96.47844331
668.50	96.18134333
669.00	96.2708665
669.50	96.59241494
670.00	96.86740805
670.50	96.97258541
671.00	96.89853706
671.50	96.62127994
672.00	96.15053429
672.50	95.6471713
673.00	95.24594112
673.50	95.04018715
674.00	94.86331757
674.50	94.50291725
675.00	94.0384837
675.50	93.72514776
676.00	93.77899934
676.50	94.22922341
677.00	94.98853656
677.50	95.83890485
678.00	96.47292629
678.50	96.69075178
679.00	96.69255038
679.50	96.75740208
680.00	97.04953286
680.50	97.4538997
681.00	97.68367066
681.50	97.69920365
682.00	97.77915202
682.50	98.09552765
683.00	98.57649288
683.50	98.90522122
684.00	98.96983536
684.50	98.84856264
685.00	98.72978664
685.50	98.74571232
686.00	98.86251518
686.50	98.88131088
687.00	98.56111018
687.50	97.85019946
688.00	97.00637112
688.50	96.46821403
689.00	96.51185573
689.50	96.82344638
690.00	97.0477391
690.50	96.94587778
691.00	96.54407069
691.50	96.09879643
692.00	95.80384411
692.50	95.48787086
693.00	94.90471464
693.50	94.14528998
694.00	93.56436384
694.50	93.17825942
695.00	92.68973616
695.50	92.06343274
696.00	91.60267882
696.50	91.53702235
697.00	91.74420163
697.50	92.00617301
698.00	92.18074464
698.50	92.22720787
699.00	92.17051051
699.50	92.07312874
700.00	92.1627925
700.50	92.31229512
701.00	92.09390726
701.50	91.30164226
702.00	90.38509392
702.50	90.12883349
703.00	90.5938585
703.50	91.27865304
704.00	91.75217659
704.50	92.02579771
705.00	92.36829437
705.50	92.81163427
706.00	93.21512362
706.50	93.56706418
707.00	93.97433981
707.50	94.49338608
708.00	95.00800128
708.50	95.36868763
709.00	95.5440301
709.50	95.67293842
710.00	95.63780496
710.50	95.39368392
711.00	95.17962533
711.50	95.2051452
712.00	95.34321139
712.50	95.26870733
713.00	95.00466101
713.50	94.81484242
714.00	94.8877321
714.50	95.17359442
715.00	95.41916986
715.50	95.52228197
716.00	95.54036986
716.50	95.53065931
717.00	95.47152341
717.50	95.42356699
718.00	95.4778549
718.50	95.65796294
719.00	95.88767573
719.50	96.1556053
720.00	96.40179158
720.50	96.59807256
721.00	96.71333861
721.50	96.71788118
722.00	96.66698203
722.50	96.58372248
723.00	96.45168235
723.50	96.26051602
724.00	95.96484134
724.50	95.75947037
725.00	95.77128494
725.50	95.92935883
726.00	96.01289472
726.50	95.93836157
727.00	95.8439904
727.50	95.86916606
728.00	95.93097322
728.50	95.84516846
729.00	95.60586149
729.50	95.36248219
730.00	95.19156595
730.50	95.0067408
731.00	94.75447512
731.50	94.53542794
732.00	94.39545163
732.50	94.2645217
733.00	94.11147518
733.50	94.05932525
734.00	94.1361709
734.50	94.18499995
735.00	94.05972763
735.50	93.73304515
736.00	93.31623835
736.50	92.88714672
737.00	92.3831341
737.50	91.85562806
738.00	91.18684162
738.50	90.46557072
739.00	89.6620729
739.50	88.74520944
740.00	87.79906406
740.50	86.93522318
741.00	86.20404782
741.50	85.55589446
742.00	85.02744792
742.50	84.4913076
743.00	83.78426558
743.50	82.90579344
744.00	81.91115837
744.50	80.9128776
745.00	79.94274917
745.50	79.08621907
746.00	78.34515864
746.50	77.67224654
747.00	77.08905154
747.50	76.57773298
748.00	76.07551896
748.50	75.35932392
749.00	74.43673982
749.50	73.58948395
750.00	72.95130293
750.50	72.43348805
751.00	71.75339606
751.50	70.84069219
752.00	70.11896074
752.50	69.95588856
753.00	70.43832274
753.50	71.53007779
754.00	72.9325751
754.50	74.23656106
755.00	75.15724474
755.50	75.73615896
756.00	76.22180736
756.50	76.84461538
757.00	77.61522437
757.50	78.46902989
758.00	79.4073409
758.50	80.24501227
759.00	80.71061419
759.50	80.80419514
760.00	80.80061246
760.50	80.93255078
761.00	81.13846958
761.50	81.28147104
762.00	81.30765024
762.50	81.18494736
763.00	80.93647766
763.50	80.68943813
764.00	80.45026205
764.50	80.18330693
765.00	79.96513238
765.50	79.85678928
766.00	79.78696838
766.50	79.72166098
767.00	79.55155435
767.50	79.29408677
768.00	79.06704038
768.50	78.9661729
769.00	78.8330953
769.50	78.54215227
770.00	78.2246519
770.50	77.91348787
771.00	77.58163258
771.50	77.34226258
772.00	77.404986
772.50	77.8106327
773.00	78.32141314
773.50	78.63216994
774.00	78.62361806
774.50	78.36782789
775.00	78.06294202
775.50	77.73935256
776.00	77.22667656
776.50	76.43605987
777.00	75.48147413
777.50	74.63515877
778.00	74.15010182
778.50	74.07237869
779.00	74.20634347
779.50	74.3257788
780.00	74.43126643
780.50	74.69986987
781.00	75.16262602
781.50	75.51211349
782.00	75.54196262
782.50	75.40351829
783.00	75.23655802
783.50	75.14869771
784.00	75.1054584
784.50	75.12372566
785.00	75.19809883
785.50	75.41433418
786.00	75.62530459
786.50	75.71236013
787.00	75.72397109
787.50	75.69478128
788.00	75.53339136
788.50	75.1101949
789.00	74.50088371
789.50	73.93089466
790.00	73.59137467
790.50	73.51023854
791.00	73.5926303
791.50	73.79118499
792.00	74.07741091
792.50	74.35945301
793.00	74.50360829
793.50	74.47685218
794.00	74.44639219
794.50	74.62516704
795.00	75.12269304
795.50	75.81863798
796.00	76.40023315
796.50	76.77516293
797.00	76.97064398
797.50	77.0017633
798.00	76.96167034
798.50	76.91742749
799.00	76.88144563
799.50	76.90440576
800.00	76.96469549
800.50	77.02304117
801.00	77.09801549
801.50	77.22736498
802.00	77.37157358
802.50	77.47397304
803.00	77.56827634
803.50	77.67416635
804.00	77.76569659
804.50	77.75327117
805.00	77.66662771
805.50	77.64875798
806.00	77.7914928
806.50	77.95777435
807.00	78.04446144
807.50	78.10355371
808.00	78.25862669
808.50	78.32507822
809.00	78.18552854
809.50	77.93680675
810.00	77.70045706
810.50	77.56046136
811.00	77.57246986
811.50	77.69143978
812.00	77.62077533
812.50	77.18401901
813.00	76.52503522
813.50	75.95269003
814.00	75.65879942
814.50	75.5651797
815.00	75.44103696
815.50	75.1844905
816.00	74.89026538
816.50	74.72870578
817.00	74.71873829
817.50	74.86004294
818.00	75.07912891
818.50	75.34998667
819.00	75.52636661
819.50	75.6026111
820.00	75.4862688
820.50	75.13397434
821.00	74.70335558
821.50	74.41468142
822.00	74.27721638
822.50	74.19860122
823.00	74.14237896
823.50	74.08161898
824.00	74.01676243
824.50	73.88610398
825.00	73.7125068
825.50	73.52136955
826.00	73.37728699
826.50	73.34343826
827.00	73.34238139
827.50	73.3394435
828.00	73.44785933
828.50	73.71786869
829.00	74.12078112
829.50	74.6053775
830.00	75.16513728
830.50	75.72715138
831.00	76.19098862
831.50	76.49952019
832.00	76.6363356
832.50	76.65461256
833.00	76.62561182
833.50	76.5902699
834.00	76.52442437
834.50	76.39895813
835.00	76.2543132
835.50	76.1488595
836.00	76.06361227
836.50	75.94190808
837.00	75.71501198
837.50	75.42187282
838.00	75.20100278
838.50	75.15232402
839.00	75.23668406
839.50	75.37601558
840.00	75.36897629
840.50	75.13857024
841.00	74.86009142
841.50	74.69591875
842.00	74.74371034
842.50	74.89301904
843.00	74.95011394
843.50	74.82495797
844.00	74.59599662
844.50	74.43249782
845.00	74.46258936
845.50	74.6400504
846.00	74.84496082
846.50	75.03389707
847.00	75.27603043
847.50	75.53215512
848.00	75.78470198
848.50	75.94630037
849.00	75.9768961
849.50	75.94298434
850.00	75.89180885
850.50	75.85154136
851.00	75.81983059
851.50	75.84361973
852.00	75.98422142
852.50	76.17994003
853.00	76.41374453
853.50	76.60569624
854.00	76.6860373
854.50	76.70628739
855.00	76.72689624
855.50	76.77702456
856.00	76.75010846
856.50	76.59359078
857.00	76.41073877
857.50	76.26871661
858.00	76.29019325
858.50	76.35640238
859.00	76.26906082
859.50	75.94987819
860.00	75.57347462
860.50	75.34949702
861.00	75.31048032
861.50	75.32431166
862.00	75.37243776
862.50	75.48842616
863.00	75.61011581
863.50	75.64574861
864.00	75.58731082
864.50	75.36620323
865.00	75.07667098
865.50	74.88906792
866.00	74.75871005
866.50	74.59176917
867.00	74.40694402
867.50	74.32464437
868.00	74.34800688
868.50	74.43645379
869.00	74.46552725
869.50	74.39873635
870.00	74.23187304
870.50	74.08454232
871.00	73.94379034
871.50	73.75519344
872.00	73.59479736
872.50	73.5414839
873.00	73.56950534
873.50	73.67410579
874.00	73.86589752
874.50	74.09640053
875.00	74.19201763
875.50	74.0450699
876.00	73.83158822
876.50	73.70868173
877.00	73.66758038
877.50	73.68258494
878.00	73.70268475
878.50	73.76066198
879.00	73.77017376
879.50	73.62893698
880.00	73.32586426
880.50	72.91520472
881.00	72.44696064
881.50	72.02862672
882.00	71.70139642
882.50	71.46325296
883.00	71.23175126
883.50	70.93398226
884.00	70.51639493
884.50	69.92511346
885.00	69.16465618
885.50	68.31813235
886.00	67.52432568
886.50	66.91727366
887.00	66.42246739
887.50	65.80865242
888.00	65.06144957
888.50	64.37027021
889.00	63.80623934
889.50	63.22560408
890.00	62.52517474
890.50	61.85961706
891.00	61.44762917
891.50	61.34261664
892.00	61.37168525
892.50	61.29260952
893.00	61.03272763
893.50	60.67688928
894.00	60.34941173
894.50	59.96833469
895.00	59.39322614
895.50	58.60759805
896.00	57.71938627
896.50	56.82368434
897.00	56.02343467
897.50	55.54635754
898.00	55.54366205
898.50	55.82272262
899.00	55.98622142
899.50	55.76955946
900.00	55.3950563
900.50	55.2130139
901.00	55.50083966
901.50	56.21138678
902.00	57.13282675
902.50	57.98992406
903.00	58.67462165
903.50	59.23486622
904.00	59.82255048
904.50	60.4312896
905.00	60.86696966
905.50	61.00892395
906.00	61.02258077
906.50	61.24267027
907.00	61.71621806
907.50	62.06713085
908.00	62.04094195
908.50	61.75837627
909.00	61.49054851
909.50	61.23530616
910.00	60.97130347
910.50	60.71074286
911.00	60.64797581
911.50	60.72698366
912.00	60.74018477
912.50	60.59222381
913.00	60.39984062
913.50	60.23889672
914.00	60.11218454
914.50	59.97731318
915.00	59.77310573
915.50	59.49514565
916.00	59.32065158
916.50	59.35875202
917.00	59.50941331
917.50	59.69078184
918.00	59.73460291
918.50	59.65051435
919.00	59.32834536
919.50	58.68541814
920.00	57.9663143
920.50	57.45994555
921.00	57.33636034
921.50	57.35637288
922.00	57.3448201
922.50	57.15992707
923.00	56.83280827
923.50	56.34265608
924.00	55.7978039
924.50	55.45647077
925.00	55.34231976
925.50	55.21946174
926.00	54.93950914
926.50	54.49266413
927.00	54.00023822
927.50	53.57569402
928.00	53.20015339
928.50	52.82091859
929.00	52.49203997
929.50	52.37880038
930.00	52.50847954
930.50	52.80416875
931.00	53.20027459
931.50	53.64885518
932.00	53.92846358
932.50	53.9027401
933.00	53.60432146
933.50	53.18827579
934.00	52.88921237
934.50	52.67746142
935.00	52.42874933
935.50	52.25337778
936.00	52.27825771
936.50	52.50583253
937.00	52.69918531
937.50	52.65582965
938.00	52.41505858
938.50	52.10809291
939.00	51.85218638
939.50	51.66593107
940.00	51.5634492
940.50	51.61568155
941.00	51.75116376
941.50	51.90549014
942.00	52.00046246
942.50	52.06692854
943.00	52.13989579
943.50	52.20453418
944.00	52.29218602
944.50	52.48815672
945.00	52.86641707
945.50	53.2537044
946.00	53.4190212
946.50	53.33573741
947.00	53.06468088
947.50	52.70381515
948.00	52.44339998
948.50	52.53382973
949.00	52.86201024
949.50	53.24394053
950.00	53.48044536
950.50	53.49512995
951.00	53.33469994
951.50	53.15428162
952.00	53.01040752
952.50	52.83074064
953.00	52.57638062
953.50	52.3477441
954.00	52.26120245
954.50	52.27262918
955.00	52.26414034
955.50	52.10682758
956.00	51.7591969
956.50	51.35310418
957.00	51.02916566
957.50	50.75763888
958.00	50.51698416
958.50	50.2898893
959.00	50.10492355
959.50	49.9806984
960.00	49.7116344
960.50	49.18325088
961.00	48.5073912
961.50	47.99786155
962.00	47.75447741
962.50	47.52777523
963.00	47.15275334
963.50	46.7633232
964.00	46.53052709
964.50	46.47358733
965.00	46.63519056
965.50	46.97932099
966.00	47.40707458
966.50	47.76583627
967.00	47.87466418
967.50	47.7375191
968.00	47.38908365
968.50	46.97014858
969.00	46.74583646
969.50	46.83039528
970.00	47.06387011
970.50	47.13211056
971.00	46.84757174
971.50	46.41879523
972.00	46.13464426
972.50	46.08250402
973.00	46.22904936
973.50	46.46265024
974.00	46.72369565
974.50	46.99649746
975.00	47.32781947
975.50	47.54196048
976.00	47.54302219
976.50	47.49065894
977.00	47.55541368
977.50	47.77870771
978.00	48.07925947
978.50	48.4027956
979.00	48.78367872
979.50	49.15880242
980.00	49.35307147
980.50	49.30055309
981.00	49.14471898
981.50	49.2007764
982.00	49.49283931
982.50	49.71563885
983.00	49.74439234
983.50	49.76949528
984.00	49.84035365
984.50	49.75821398
985.00	49.44152808
985.50	49.13951222
986.00	49.00737998
986.50	48.95160374
987.00	48.88017331
987.50	48.74165141
988.00	48.46025894
988.50	48.04895462
989.00	47.58447744
989.50	47.09334595
990.00	46.51141142
990.50	45.9257003
991.00	45.45583699
991.50	45.21001915
992.00	45.11555102
992.50	45.03299443
993.00	44.85937786
993.50	44.66177338
994.00	44.48740051
994.50	44.28737203
995.00	43.96184338
995.50	43.71141509
996.00	43.72902787
996.50	43.96394256
997.00	44.14057944
997.50	44.0308595
998.00	43.75406779
998.50	43.49831155
999.00	43.40100734
999.50	43.48638062
1000.00	43.66610568
1000.50	43.76013264
1001.00	43.69456344
1001.50	43.59473342
1002.00	43.71427541
1002.50	44.16168278
1003.00	44.70909955
1003.50	45.26726434
1004.00	45.75669418
1004.50	46.10740334
1005.00	46.32317813
1005.50	46.45770043
1006.00	46.65911059
1006.50	46.95875578
1007.00	47.36372861
1007.50	47.70720941
1008.00	47.876424
1008.50	47.86290293
1009.00	47.82091925
1009.50	47.8956948
1010.00	48.08370994
1010.50	48.24987998
1011.00	48.29873328
1011.50	48.25304573
1012.00	48.06005654
1012.50	47.70880925
1013.00	47.31640728
1013.50	47.12201218
1014.00	47.19276389
1014.50	47.33191603
1015.00	47.47743845
1015.50	47.71170835
1016.00	47.96706706
1016.50	48.12114134
1017.00	48.1742027
1017.50	48.27997152
1018.00	48.50492842
1018.50	48.79453339
1019.00	49.05477403
1019.50	49.23841627
1020.00	49.3705679
1020.50	49.44676392
1021.00	49.44293885
1021.50	49.40271984
1022.00	49.49094859
1022.50	49.61985691
1023.00	49.58086445
1023.50	49.29335381
1024.00	48.86349134
1024.50	48.46300776
1025.00	48.22958626
1025.50	48.29131584
1026.00	48.60834595
1026.50	48.92960837
1027.00	49.09288416
1027.50	49.179324
1028.00	49.2001607
1028.50	49.14855859
1029.00	49.09155581
1029.50	49.04910187
1030.00	49.0354499
1030.50	49.01515133
1031.00	49.00557653
1031.50	49.00062672
1032.00	49.0211483
1032.50	49.01029363
1033.00	48.98421624
1033.50	48.8855352
1034.00	48.76997342
1034.50	48.70134029
1035.00	48.65575939
1035.50	48.5004828
1036.00	48.20084731
1036.50	47.81946485
1037.00	47.45984021
1037.50	47.14530682
1038.00	46.84530773
1038.50	46.54433419
1039.00	46.20067886
1039.50	45.85312574
1040.00	45.45511464
1040.50	45.02013754
1041.00	44.49034325
1041.50	43.8167185
1042.00	42.8810545
1042.50	41.84708275
1043.00	40.90221725
1043.50	40.24552656
1044.00	39.93100286
1044.50	39.69473074
1045.00	39.34819085
1045.50	38.80672258
1046.00	38.11929557
1046.50	37.52449445
1047.00	37.18653552
1047.50	37.12208136
1048.00	37.25046125
1048.50	37.39428202
1049.00	37.41634042
1049.50	37.3069356
1050.00	37.16186405
1050.50	37.03358597
1051.00	36.89487499
1051.50	36.73089139
1052.00	36.57847512
1052.50	36.4190341
1053.00	36.26173589
1053.50	36.10374442
1054.00	35.95837714
1054.50	35.76229978
1055.00	35.50670352
1055.50	35.29120992
1056.00	35.33034782
1056.50	35.75788325
1057.00	36.4471525
1057.50	37.13466677
1058.00	37.59033998
1058.50	37.75834742
1059.00	37.78901102
1059.50	37.99416869
1060.00	38.39364874
1060.50	38.90183064
1061.00	39.35764445
1061.50	39.78321158
1062.00	40.11850896
1062.50	40.40073043
1063.00	40.59044722
1063.50	40.64581138
1064.00	40.61999093
1064.50	40.59474739
1065.00	40.64824992
1065.50	40.67843357
1066.00	40.5708516
1066.50	40.46278483
1067.00	40.41829958
1067.50	40.38831955
1068.00	40.39867488
1068.50	40.47323227
1069.00	40.57809451
1069.50	40.64095853
1070.00	40.60882598
1070.50	40.53846696
1071.00	40.39896576
1071.50	40.16636357
1072.00	39.82242221
1072.50	39.41578651
1073.00	39.0472561
1073.50	38.81542474
1074.00	38.65446629
1074.50	38.47620533
1075.00	38.32093358
1075.50	38.24151365
1076.00	38.24511571
1076.50	38.25488928
1077.00	38.2537403
1077.50	38.20093589
1078.00	38.07909595
1078.50	37.96227854
1079.00	37.91948525
1079.50	37.90262875
1080.00	37.81618891
1080.50	37.6504261
1081.00	37.47620352
1081.50	37.37502091
1082.00	37.42763141
1082.50	37.51283016
1083.00	37.57366286
1083.50	37.51817266
1084.00	37.35034944
1084.50	37.07604475
1085.00	36.72705662
1085.50	36.34359922
1086.00	36.02382998
1086.50	35.79809741
1087.00	35.7109643
1087.50	35.80672685
1088.00	36.10372018
1088.50	36.55164144
1089.00	36.95501443
1089.50	37.27900627
1090.00	37.50384197
1090.50	37.67499576
1091.00	37.89726686
1091.50	38.13252576
1092.00	38.29477862
1092.50	38.30985106
1093.00	38.23284058
1093.50	38.17373861
1094.00	38.19022666
1094.50	38.1944929
1095.00	38.12628638
1095.50	37.96389778
1096.00	37.79400446
1096.50	37.7567088
1097.00	37.78704274
1097.50	37.81025496
1098.00	37.77606686
1098.50	37.6733135
1099.00	37.59607517
1099.50	37.64713915
1100.00	37.8268739
1100.50	38.00729707
1101.00	38.10015566
1101.50	38.17678315
1102.00	38.31091762
1102.50	38.48361307
1103.00	38.63206853
1103.50	38.72640576
1104.00	38.71906104
1104.50	38.60156976
1105.00	38.36182162
1105.50	38.08549531
1106.00	37.89760622
1106.50	37.73928024
1107.00	37.59292397
1107.50	37.42281734
1108.00	37.27780882
1108.50	37.16145197
1109.00	37.04148821
1109.50	36.91041768
1110.00	36.74449488
1110.50	36.57894538
1111.00	36.38149603
1111.50	36.1899661
1112.00	35.91877382
1112.50	35.50573877
1113.00	35.02842408
1113.50	34.55306314
1114.00	34.24091496
1114.50	34.10997533
1115.00	33.99417115
1115.50	33.8226877
1116.00	33.56963664
1116.50	33.34849027
1117.00	33.18817661
1117.50	33.13383538
1118.00	33.07725922
1118.50	32.89499381
1119.00	32.53160227
1119.50	32.08303138
1120.00	31.74957139
1120.50	31.65692611
1121.00	31.74518395
1121.50	31.84568784
1122.00	31.85970341
1122.50	31.79457538
1123.00	31.78063738
1123.50	31.82997062
1124.00	31.86412963
1124.50	31.88261021
1125.00	31.86548222
1125.50	31.96828891
1126.00	32.24612294
1126.50	32.52034522
1127.00	32.6612184
1127.50	32.71064861
1128.00	32.74402224
1128.50	32.7452003
1129.00	32.79072302
1129.50	32.94039048
1130.00	33.12661186
