g_id24-E-WL-Si-a3.slp
initial	p (m)	q (m)	Theta (mrad)
	31	1.5	3
								
Optimize Slope errors optimization					Slope errors to target ellipse			
p (m)	q(m) Optimized		Theta (mrad)	p (m)	q(m)	Theta (mrad)	
31	1.553			3		31	1.5	3	
								
x(mm)	slope error (urad)	x(mm)	height error (nm)		x(mm)	slope error (urad)	x(mm)	height error (nm)
-450	-1.641	-450	-315.062		-450	8.805	-450	-2412.056
-449	-2.76	-449	-319.183		-449	7.671	-449	-2404.324
-448	-4.065	-448	-322.774		-448	6.351	-448	-2396.053
-447	-4.775	-447	-326.858		-447	5.626	-447	-2388.283
-446	-5.208	-446	-331.602		-446	5.177	-446	-2381.19
-445	-4.684	-445	-336.274		-445	5.686	-445	-2374.04
-444	-3.883	-444	-340.323		-444	6.472	-444	-2366.283
-443	-3.688	-443	-343.883		-443	6.651	-443	-2358.051
-442	-3.681	-442	-347.313		-442	6.642	-442	-2349.706
-441	-2.896	-441	-350.338		-441	7.412	-441	-2340.97
-440	-1.834	-440	-352.466		-440	8.459	-440	-2331.353
-439	-1.311	-439	-353.799		-439	8.966	-439	-2320.957
-438	-0.406	-438	-354.417		-438	9.855	-438	-2309.862
-437	0.055	-437	-354.366		-437	10.301	-437	-2298.112
-436	0.249	-436	-353.964		-436	10.48	-436	-2286.027
-435	1.068	-435	-353.067		-435	11.283	-435	-2273.463
-434	1.095	-434	-351.755		-434	11.294	-434	-2260.499
-433	1.382	-433	-350.192		-433	11.566	-433	-2247.301
-432	5.365	-432	-346.562		-432	15.533	-432	-2232.051
-431	6.315	-431	-340.58		-431	16.467	-431	-2214.464
-430	5.493	-430	-334.455		-430	15.629	-430	-2196.751
-429	5.433	-429	-328.732		-429	15.554	-429	-2179.455
-428	5.442	-428	-323.05		-428	15.547	-428	-2162.215
-427	5.496	-427	-317.336		-427	15.585	-427	-2144.96
-426	5.625	-426	-311.533		-426	15.698	-426	-2127.632
-425	5.683	-425	-305.645		-425	15.74	-425	-2110.234
-424	5.437	-424	-299.817		-424	15.478	-424	-2092.912
-423	6.74	-423	-293.463		-423	16.765	-423	-2075.081
-422	7.586	-422	-286.102		-422	17.595	-422	-2056.257
-421	6.809	-421	-278.719		-421	16.803	-421	-2037.429
-420	4.909	-420	-272.616		-420	14.887	-420	-2019.895
-419	4.231	-419	-267.767		-419	14.193	-419	-2003.633
-418	4.057	-418	-263.346		-418	14.003	-418	-1987.814
-417	5.027	-417	-258.542		-417	14.956	-417	-1971.628
-416	5.812	-416	-252.919		-416	15.725	-416	-1954.64
-415	4.912	-415	-247.358		-415	14.809	-415	-1937.729
-414	3.648	-414	-242.823		-414	13.529	-414	-1921.861
-413	3.348	-413	-239.047		-413	13.212	-413	-1906.768
-412	3.823	-412	-235.22		-412	13.671	-412	-1891.639
-411	3.513	-411	-231.339		-411	13.346	-411	-1876.474
-410	2.567	-410	-228.069		-410	12.383	-410	-1861.935
-409	1.676	-409	-225.695		-409	11.476	-409	-1848.309
-408	1.225	-408	-223.973		-408	11.008	-408	-1835.352
-407	1.73	-407	-222.242		-407	11.497	-407	-1822.401
-406	1.842	-406	-220.231		-406	11.593	-406	-1809.186
-405	1.522	-405	-218.307		-405	11.256	-405	-1796.076
-404	1.602	-404	-216.485		-404	11.32	-404	-1783.084
-403	2.137	-403	-214.383		-403	11.838	-403	-1769.828
-402	1.716	-402	-212.209		-402	11.401	-402	-1756.516
-401	2.529	-401	-209.836		-401	12.197	-401	-1743.023
-400	2.474	-400	-207.123		-400	12.126	-400	-1729.206
-399	1.838	-399	-204.737		-399	11.473	-399	-1715.733
-398	1.172	-398	-202.981		-398	10.79	-398	-1702.905
-397	0.985	-397	-201.64		-397	10.586	-397	-1690.51
-396	1.326	-396	-200.247		-396	10.911	-396	-1678.079
-395	0.922	-395	-198.899		-395	10.491	-395	-1665.71
-394	0.363	-394	-197.999		-394	9.914	-394	-1653.805
-393	0.739	-393	-197.176		-393	10.274	-393	-1641.995
-392	1.584	-392	-195.75		-392	11.102	-392	-1629.599
-391	3.007	-391	-193.223		-391	12.508	-391	-1616.118
-390	3.336	-390	-189.847		-390	12.821	-390	-1601.804
-389	2.95	-389	-186.481		-389	12.417	-389	-1587.518
-388	2.382	-388	-183.577		-388	11.832	-388	-1573.711
-387	1.788	-387	-181.219		-387	11.222	-387	-1560.465
-386	2.72	-386	-178.698		-386	12.136	-386	-1547.075
-385	3.315	-385	-175.467		-385	12.715	-385	-1532.991
-384	2.874	-384	-172.132		-384	12.257	-384	-1518.821
-383	3.377	-383	-168.755		-383	12.743	-383	-1504.626
-382	3.353	-382	-165.167		-382	12.702	-382	-1490.236
-381	2.965	-381	-161.768		-381	12.297	-381	-1476.052
-380	2.835	-380	-158.605		-380	12.15	-380	-1462.123
-379	3.388	-379	-155.246		-379	12.685	-379	-1448.013
-378	3.528	-378	-151.56		-378	12.808	-378	-1433.594
-377	3.405	-377	-147.859		-377	12.667	-377	-1419.177
-376	3.179	-376	-144.345		-376	12.424	-376	-1404.964
-375	2.117	-375	-141.451		-375	11.345	-375	-1391.39
-374	2.043	-374	-139.072		-374	11.254	-374	-1378.346
-373	3.734	-373	-135.943		-373	12.928	-373	-1364.571
-372	3.557	-372	-132.087		-372	12.734	-372	-1350.086
-371	3.7	-371	-128.219		-371	12.859	-371	-1335.606
-370	3.409	-370	-124.44		-370	12.55	-370	-1321.232
-369	2.715	-369	-121.141		-369	11.839	-369	-1307.356
-368	2.179	-368	-118.427		-368	11.285	-368	-1294.082
-367	2.672	-367	-115.729		-367	11.761	-367	-1280.843
-366	3.557	-366	-112.369		-366	12.629	-366	-1266.958
-365	4.19	-365	-108.283		-365	13.244	-365	-1252.365
-364	3.645	-364	-104.149		-364	12.682	-364	-1237.742
-363	3.028	-363	-100.566		-363	12.046	-363	-1223.686
-362	2.715	-362	-97.441		-362	11.716	-362	-1210.108
-361	2.603	-361	-94.537		-361	11.586	-361	-1196.767
-360	2.463	-360	-91.759		-360	11.429	-360	-1183.571
-359	2.458	-359	-89.052		-359	11.405	-359	-1170.463
-358	2.521	-358	-86.324		-358	11.451	-358	-1157.351
-357	2.382	-357	-83.643		-357	11.295	-357	-1144.305
-356	1.797	-356	-81.301		-356	10.691	-356	-1131.615
-355	2.136	-355	-79.058		-355	11.013	-355	-1119.042
-354	3.208	-354	-76.159		-354	12.066	-354	-1105.832
-353	2.791	-353	-72.956		-353	11.631	-353	-1092.335
-352	2.033	-352	-70.298		-352	10.856	-352	-1079.401
-351	1.804	-351	-68.11		-351	10.609	-351	-1066.955
-350	2.336	-350	-65.792		-350	11.122	-350	-1054.397
-349	2.389	-349	-63.203		-349	11.157	-349	-1041.586
-348	2.135	-348	-60.684		-348	10.886	-348	-1028.864
-347	2.896	-347	-57.921		-347	11.629	-347	-1015.915
-346	2.896	-346	-54.829		-346	11.61	-346	-1002.656
-345	1.419	-345	-52.413		-345	10.115	-345	-990.089
-344	2.24	-344	-50.28		-344	10.918	-344	-977.826
-343	3.668	-343	-47.109		-343	12.327	-343	-964.541
-342	3.313	-342	-43.427		-342	11.954	-342	-950.765
-341	2.305	-341	-40.384		-341	10.928	-341	-937.646
-340	1.543	-340	-38.193		-340	10.147	-340	-925.397
-339	1.742	-339	-36.286		-339	10.328	-339	-913.45
-338	2.047	-338	-34.145		-338	10.615	-338	-901.288
-337	2.468	-337	-31.644		-337	11.018	-337	-888.784
-336	2.851	-336	-28.755		-336	11.381	-336	-875.911
-335	2.652	-335	-25.774		-335	11.164	-335	-862.964
-334	2.437	-334	-22.987		-334	10.931	-334	-850.229
-333	2.269	-333	-20.395		-333	10.744	-333	-837.709
-332	1.879	-332	-18.085		-332	10.335	-332	-825.489
-331	1.426	-331	-16.181		-331	9.864	-331	-813.692
-330	1.524	-330	-14.441		-330	9.943	-330	-802.08
-329	2.151	-329	-12.371		-329	10.552	-329	-790.155
-328	1.791	-328	-10.18		-328	10.173	-328	-778.129
-327	1.313	-327	-8.379		-327	9.677	-327	-766.511
-326	1.298	-326	-6.821		-326	9.642	-326	-755.154
-325	1.309	-325	-5.269		-325	9.635	-325	-743.823
-324	1.568	-324	-3.586		-324	9.875	-324	-732.38
-323	1.666	-323	-1.729		-323	9.954	-323	-720.782
-322	1.825	-322	0.266		-322	10.094	-322	-709.064
-321	2.286	-321	2.559		-321	10.536	-321	-697.067
-320	2.237	-320	5.057		-320	10.468	-320	-684.885
-319	2.372	-319	7.596		-319	10.584	-319	-672.68
-318	1.973	-318	10.01		-318	10.166	-318	-660.62
-317	2.051	-317	12.276		-317	10.224	-317	-648.726
-316	2.238	-316	14.642		-316	10.393	-316	-636.752
-315	1.306	-315	16.641		-315	9.441	-315	-625.163
-314	0.808	-314	17.972		-314	8.924	-314	-614.262
-313	1.385	-313	19.329		-313	9.482	-313	-603.354
-312	1.79	-312	21.143		-312	9.868	-312	-592.008
-311	1.615	-311	23.091		-311	9.673	-311	-580.548
-310	2.145	-310	25.216		-310	10.184	-310	-568.93
-309	2.145	-309	27.581		-309	10.165	-309	-557.091
-308	1.581	-308	29.686		-308	9.582	-308	-545.532
-307	1.563	-307	31.508		-307	9.544	-307	-534.275
-306	1.379	-306	33.212		-306	9.34	-306	-523.155
-305	0.965	-305	34.644		-305	8.907	-305	-512.327
-304	1.602	-304	36.172		-304	9.524	-304	-501.422
-303	1.349	-303	37.867		-303	9.252	-303	-490.371
-302	0.855	-302	39.214		-302	8.738	-302	-479.685
-301	0.787	-301	40.288		-301	8.651	-301	-469.294
-300	0.785	-300	41.326		-300	8.63	-300	-458.958
-299	1.193	-299	42.567		-299	9.017	-299	-448.438
-298	1.662	-298	44.227		-298	9.467	-298	-437.519
-297	1.615	-297	46.103		-297	9.4	-297	-426.404
-296	1.865	-296	48.074		-296	9.63	-296	-415.214
-295	1.257	-295	49.866		-295	9.002	-295	-404.223
-294	0.971	-294	51.235		-294	8.696	-294	-393.674
-293	0.967	-293	52.437		-293	8.673	-293	-383.312
-292	0.25	-292	53.265		-292	7.936	-292	-373.345
-291	-0.883	-291	53.229		-291	6.783	-291	-364.261
-290	0.222	-290	53.21		-290	7.868	-290	-355.181
-289	2.411	-289	54.731		-289	10.036	-289	-344.579
-288	1.739	-288	56.985		-288	9.344	-288	-333.266
-287	0.909	-287	58.572		-287	8.494	-287	-322.639
-286	1.224	-286	59.898		-286	8.789	-286	-312.293
-285	1.257	-285	61.37		-285	8.802	-285	-301.822
-284	1.059	-284	62.777		-284	8.583	-284	-291.436
-283	1.42	-283	64.275		-283	8.924	-283	-280.98
-282	1.982	-282	66.221		-282	9.466	-282	-270.094
-281	2.53	-281	68.699		-281	9.993	-281	-258.699
-280	2.109	-280	71.232		-280	9.552	-280	-247.268
-279	1.288	-279	73.178		-279	8.711	-279	-236.443
-278	1.161	-278	74.661		-278	8.564	-278	-226.104
-277	1.096	-277	76.032		-277	8.478	-277	-215.895
-276	1.001	-276	77.324		-276	8.363	-276	-205.787
-275	0.99	-275	78.553		-275	8.331	-275	-195.762
-274	0.477	-274	79.526		-274	7.797	-274	-186.015
-273	0.295	-273	80.175		-273	7.595	-273	-176.612
-272	0.776	-272	80.966		-272	8.056	-272	-167.087
-271	1.203	-271	82.182		-271	8.461	-271	-157.157
-270	0.964	-270	83.493		-270	8.201	-270	-147.154
-269	0.677	-269	84.563		-269	7.894	-269	-137.412
-268	0.784	-268	85.557		-268	7.98	-268	-127.766
-267	1.57	-267	86.961		-267	8.745	-267	-117.732
-266	0.966	-266	88.443		-266	8.121	-266	-107.641
-265	0.381	-265	89.378		-265	7.515	-265	-98.118
-264	0.687	-264	90.179		-264	7.8	-264	-88.749
-263	1.31	-263	91.416		-263	8.402	-263	-78.966
-262	1.382	-262	92.981		-262	8.452	-262	-68.875
-261	0.909	-261	94.362		-261	7.959	-261	-58.99
-260	0.668	-260	95.402		-260	7.697	-260	-49.466
-259	0.648	-259	96.316		-259	7.655	-259	-40.09
-258	1.029	-258	97.406		-258	8.015	-258	-30.558
-257	1.504	-257	98.891		-257	8.469	-257	-20.654
-256	0.708	-256	100.219		-256	7.652	-256	-10.926
-255	0.256	-255	100.989		-255	7.179	-255	-1.78
-254	1.618	-254	102.178		-254	8.519	-254	7.766
-253	1.653	-253	104.022		-253	8.533	-253	17.945
-252	1.419	-252	105.801		-252	8.278	-252	28.038
-251	1.5	-251	107.501		-251	8.337	-251	38.029
-250	1.127	-250	109.05		-250	7.943	-250	47.849
-249	0.876	-249	110.292		-249	7.67	-249	57.34
-248	0.401	-248	111.168		-248	7.174	-248	66.444
-247	-0.048	-247	111.588		-247	6.703	-247	75.07
-246	-0.479	-246	111.583		-246	6.25	-246	83.249
-245	-0.153	-245	111.523		-245	6.554	-245	91.351
-244	0.046	-244	111.694		-244	6.732	-244	99.664
-243	-0.456	-243	111.718		-243	6.209	-243	107.808
-242	-0.869	-242	111.361		-242	5.774	-242	115.548
-241	1.629	-241	112.012		-241	8.25	-241	124.275
-240	2.605	-240	114.308		-240	9.204	-240	134.625
-239	2.049	-239	116.851		-239	8.626	-239	145.2
-238	1.745	-238	118.987		-238	8.3	-238	155.346
-237	1.022	-237	120.617		-237	7.555	-237	164.965
-236	0.951	-236	121.843		-236	7.461	-236	174.157
-235	0.098	-235	122.589		-235	6.587	-235	182.848
-234	-0.94	-234	122.446		-234	5.527	-234	190.627
-233	-0.094	-233	122.19		-233	6.35	-233	198.271
-232	-0.226	-232	122.249		-232	6.197	-232	206.207
-231	-0.534	-231	122.12		-231	5.866	-231	213.934
-230	-0.231	-230	122.015		-230	6.147	-230	221.663
-229	1.151	-229	122.714		-229	7.507	-229	230.172
-228	1.277	-228	124.14		-228	7.61	-228	239.387
-227	1.227	-227	125.653		-227	7.538	-227	248.667
-226	2.29	-226	127.649		-226	8.578	-226	258.407
-225	2.022	-225	130.009		-225	8.289	-225	268.489
-224	1.225	-224	131.866		-224	7.469	-224	278.046
-223	0.557	-223	133.002		-223	6.779	-223	286.859
-222	-0.118	-222	133.483		-222	6.08	-222	294.993
-221	0.096	-221	133.727		-221	6.272	-221	302.869
-220	0.074	-220	134.044		-220	6.227	-220	310.795
-219	-0.179	-219	134.243		-219	5.951	-219	318.58
-218	0.235	-218	134.509		-218	6.343	-218	326.41
-217	-0.183	-217	134.783		-217	5.902	-217	334.225
-216	0.483	-216	135.207		-216	6.546	-216	342.167
-215	1.57	-215	136.481		-215	7.61	-215	350.936
-214	2.482	-214	138.69		-214	8.499	-214	360.617
-213	0.699	-213	140.478		-213	6.693	-213	369.855
-212	-0.506	-212	140.845		-212	5.465	-212	377.649
-211	-0.933	-211	140.396		-211	5.014	-211	384.603
-210	-0.79	-210	139.827		-210	5.135	-210	391.414
-209	1.177	-209	140.269		-209	7.079	-209	399.214
-208	1.618	-208	141.847		-208	7.496	-208	408.126
-207	0.621	-207	143.179		-207	6.476	-207	416.769
-206	-0.362	-206	143.55		-206	5.47	-206	424.429
-205	-1.347	-205	142.959		-205	4.462	-205	431.102
-204	-1.326	-204	141.941		-204	4.46	-204	437.325
-203	1.354	-203	142.2		-203	7.116	-203	444.803
-202	1.532	-202	143.806		-202	7.27	-202	453.603
-201	0.392	-201	144.994		-201	6.107	-201	461.962
-200	-0.185	-200	145.364		-200	5.507	-200	469.48
-199	-0.15	-199	145.443		-199	5.518	-199	476.684
-198	-0.49	-198	145.371		-198	5.154	-198	483.712
-197	-0.186	-197	145.296		-197	5.435	-197	490.714
-196	0.478	-196	145.669		-196	6.075	-196	498.141
-195	0.066	-195	146.162		-195	5.639	-195	505.664
-194	-0.284	-194	146.291		-194	5.266	-194	512.799
-193	-0.88	-193	145.94		-193	4.646	-193	519.43
-192	-1.762	-192	144.866		-192	3.741	-192	525.315
-191	-2.133	-191	143.24		-191	3.346	-191	530.624
-190	0.787	-190	142.831		-190	6.242	-190	537.125
-189	1.465	-189	144.116		-189	6.896	-189	545.297
-188	0.38	-188	145.274		-188	5.786	-188	553.318
-187	0.725	-187	146.079		-187	6.108	-187	560.962
-186	0.152	-186	146.728		-186	5.511	-186	568.426
-185	-1.061	-185	146.524		-185	4.273	-185	575.012
-184	-1.237	-184	145.669		-184	4.073	-184	580.925
-183	0.082	-183	145.342		-183	5.368	-183	587.34
-182	0.311	-182	145.749		-182	5.572	-182	594.465
-181	0.097	-181	146.183		-181	5.334	-181	601.593
-180	-0.228	-180	146.363		-180	4.985	-180	608.443
-179	-0.294	-179	146.352		-179	4.895	-179	615.077
-178	-0.269	-178	146.321		-178	4.895	-178	621.667
-177	0.08	-177	146.469		-177	5.22	-177	628.411
-176	0.1	-176	146.775		-176	5.215	-176	635.289
-175	-0.794	-175	146.671		-175	4.297	-175	641.732
-174	-0.751	-174	146.166		-174	4.315	-174	647.749
-173	-0.466	-173	145.813		-173	4.576	-173	653.894
-172	0.191	-172	145.917		-172	5.208	-172	660.472
-171	0.469	-171	146.463		-171	5.46	-171	667.467
-170	-0.116	-170	146.874		-170	4.852	-170	674.301
-169	-0.229	-169	146.946		-169	4.713	-169	680.773
-168	-0.688	-168	146.741		-168	4.229	-168	686.942
-167	-0.237	-167	146.55		-167	4.655	-167	693.1
-166	0.676	-166	146.984		-166	5.544	-166	699.858
-165	-0.199	-165	147.426		-165	4.643	-165	706.6
-164	-1.106	-164	147.012		-164	3.711	-164	712.46
-163	-2.18	-163	145.635		-163	2.613	-163	717.332
-162	-1.939	-162	143.9		-162	2.828	-162	721.821
-161	0.916	-161	143.633		-161	5.658	-161	727.754
-160	1.287	-160	144.9		-160	6.004	-160	735.193
-159	0.411	-159	145.973		-159	5.102	-159	742.416
-158	-0.07	-158	146.392		-158	4.596	-158	748.957
-157	-0.664	-157	146.285		-157	3.976	-157	754.948
-156	-0.275	-156	146.072		-156	4.34	-156	760.807
-155	-0.158	-155	146.09		-155	4.432	-155	766.872
-154	-0.125	-154	146.186		-154	4.439	-154	772.99
-153	-0.222	-153	146.256		-153	4.316	-153	779.055
-152	-0.138	-152	146.328		-152	4.375	-152	785.098
-151	0.274	-151	146.626		-151	4.761	-151	791.34
-150	-0.231	-150	146.858		-150	4.23	-150	797.491
-149	-1.32	-149	146.339		-149	3.116	-149	802.864
-148	-1.167	-148	145.374		-148	3.243	-148	807.767
-147	-0.499	-147	144.806		-147	3.885	-147	813.041
-146	0.746	-146	145.139		-146	5.104	-146	819.188
-145	-0.174	-145	145.629		-145	4.158	-145	825.468
-144	-0.754	-144	145.44		-144	3.553	-144	831.043
-143	-0.099	-143	145.279		-143	4.182	-143	836.619
-142	0.422	-142	145.671		-142	4.676	-142	842.723
-141	0.521	-141	146.367		-141	4.749	-141	849.105
-140	0.217	-140	146.969		-140	4.419	-140	855.366
-139	-0.143	-139	147.243		-139	4.032	-139	861.272
-138	-0.723	-138	147.062		-138	3.426	-138	866.699
-137	-0.587	-137	146.68		-137	3.536	-137	871.897
-136	0.301	-136	146.773		-136	4.398	-136	877.544
-135	0.109	-135	147.197		-135	4.179	-135	883.495
-134	-0.116	-134	147.436		-134	3.927	-134	889.235
-133	-0.292	-133	147.47		-133	3.725	-133	894.744
-132	-0.716	-132	147.221		-132	3.275	-132	899.944
-131	-0.26	-131	146.979		-131	3.704	-131	905.123
-130	-0.515	-130	146.806		-130	3.422	-130	910.344
-129	-1.418	-129	146.088		-129	2.492	-129	914.994
-128	-1.357	-128	144.978		-128	2.527	-128	919.225
-127	-0.585	-127	144.25		-127	3.271	-127	923.813
-126	-0.439	-126	143.928		-126	3.391	-126	928.778
-125	-2.169	-125	142.837		-125	1.634	-125	932.947
-124	-3.467	-124	140.37		-124	0.309	-124	935.715
-123	0.054	-123	138.963		-123	3.803	-123	939.514
-122	1.447	-122	139.854		-122	5.169	-122	945.585
-121	0.099	-121	140.83		-121	3.793	-121	951.713
-120	-0.364	-120	140.95		-120	3.304	-120	956.959
-119	-1.222	-119	140.4		-119	2.419	-119	961.507
-118	-1.651	-118	139.243		-118	1.962	-118	965.421
-117	-0.739	-117	138.317		-117	2.847	-117	969.538
-116	0.137	-116	138.237		-116	3.695	-116	974.474
-115	0.018	-115	138.529		-115	3.548	-115	979.755
-114	-0.412	-114	138.56		-114	3.091	-114	984.747
-113	-1.206	-113	138.021		-113	2.269	-113	989.143
-112	-0.257	-112	137.567		-112	3.191	-112	993.594
-111	0.626	-111	137.959		-111	4.046	-111	998.865
-110	-0.1	-110	138.435		-110	3.292	-110	1004.192
-109	-0.599	-109	138.345		-109	2.766	-109	1008.925
-108	-0.477	-108	138.061		-108	2.86	-108	1013.437
-107	-0.422	-107	137.85		-107	2.887	-107	1017.993
-106	-0.458	-106	137.66		-106	2.823	-106	1022.543
-105	-0.005	-105	137.668		-105	3.249	-105	1027.263
-104	-0.198	-104	137.794		-104	3.028	-104	1032.072
-103	-0.452	-103	137.72		-103	2.746	-103	1036.654
-102	-0.241	-102	137.613		-102	2.929	-102	1041.175
-101	-0.607	-101	137.424		-101	2.534	-101	1045.585
-100	-0.765	-100	136.993		-100	2.348	-100	1049.726
-99	-0.515	-99	136.593		-99	2.57	-99	1053.869
-98	-0.816	-98	136.166		-98	2.24	-98	1057.956
-97	-0.756	-97	135.631		-97	2.272	-97	1061.908
-96	-0.65	-96	135.159		-96	2.349	-96	1065.894
-95	-1.126	-95	134.509		-95	1.845	-95	1069.673
-94	-1.223	-94	133.593		-94	1.719	-94	1073.159
-93	-0.902	-93	132.783		-93	2.011	-93	1076.72
-92	-0.529	-92	132.303		-92	2.356	-92	1080.585
-91	-0.492	-91	132.03		-91	2.364	-91	1084.626
-90	-0.347	-90	131.86		-90	2.481	-90	1088.743
-89	0.047	-89	131.949		-89	2.846	-89	1093.089
-88	0.019	-88	132.221		-88	2.788	-88	1097.59
-87	0.253	-87	132.594		-87	2.994	-87	1102.163
-86	0.018	-86	132.961		-86	2.73	-86	1106.701
-85	-0.298	-85	133.064		-85	2.385	-85	1110.946
-84	-0.483	-84	132.915		-84	2.171	-84	1114.909
-83	-0.842	-83	132.49		-83	1.783	-83	1118.568
-82	-1.272	-82	131.682		-82	1.324	-82	1121.814
-81	-1.318	-81	130.648		-81	1.248	-81	1124.806
-80	-0.82	-80	129.835		-80	1.717	-80	1127.989
-79	-0.21	-79	129.541		-79	2.298	-79	1131.661
-78	-0.738	-78	129.303		-78	1.741	-78	1135.36
-77	-0.467	-77	128.959		-77	1.982	-77	1138.924
-76	-0.202	-76	128.879		-76	2.217	-76	1142.722
-75	0.647	-75	129.352		-75	3.037	-75	1147.044
-74	1.338	-74	130.548		-74	3.698	-74	1152.06
-73	0.323	-73	131.587		-73	2.654	-73	1156.887
-72	-0.648	-72	131.686		-72	1.652	-72	1160.746
-71	-0.739	-71	131.257		-71	1.532	-71	1164.047
-70	-0.619	-70	130.817		-70	1.621	-70	1167.307
-69	-0.869	-69	130.297		-69	1.342	-69	1170.457
-68	-1.608	-68	129.316		-68	0.573	-68	1173.116
-67	-1.161	-67	128.206		-67	0.99	-67	1175.616
-66	-0.357	-66	127.669		-66	1.764	-66	1178.66
-65	-0.866	-65	127.274		-65	1.224	-65	1181.814
-64	-1.298	-64	126.442		-64	0.762	-64	1184.502
-63	-1.412	-63	125.343		-63	0.618	-63	1186.893
-62	-1.182	-62	124.308		-62	0.818	-62	1189.317
-61	-0.32	-61	123.798		-61	1.649	-61	1192.236
-60	-0.152	-60	123.777		-60	1.787	-60	1195.614
-59	-0.601	-59	123.649		-59	1.308	-59	1198.853
-58	-0.151	-58	123.534		-58	1.727	-58	1202.076
-57	0.287	-57	123.826		-57	2.134	-57	1205.674
-56	-0.157	-56	124.126		-56	1.66	-56	1209.25
-55	-0.072	-55	124.267		-55	1.714	-55	1212.637
-54	0.148	-54	124.526		-54	1.903	-54	1216.111
-53	-0.796	-53	124.428		-53	0.928	-53	1219.196
-52	-1.355	-52	123.619		-52	0.338	-52	1221.541
-51	-1.119	-51	122.635		-51	0.543	-51	1223.678
-50	-1.163	-50	121.742		-50	0.469	-50	1225.877
-49	-0.649	-49	121.094		-49	0.951	-49	1228.288
-48	0.036	-48	120.996		-48	1.605	-48	1231.219
-47	-1.051	-47	120.71		-47	0.487	-47	1233.931
-46	-1.371	-46	119.78		-46	0.135	-46	1235.967
-45	-0.61	-45	119.041		-45	0.865	-45	1238.164
-44	-0.452	-44	118.756		-44	0.992	-44	1240.781
-43	0.458	-43	118.991		-43	1.87	-43	1243.889
-42	0.144	-42	119.518		-42	1.525	-42	1247.256
-41	0.232	-41	119.945		-41	1.581	-41	1250.493
-40	-0.237	-40	120.168		-40	1.081	-40	1253.493
-39	-0.962	-39	119.821		-39	0.324	-39	1255.892
-38	-0.945	-38	119.13		-38	0.309	-38	1257.915
-37	-0.707	-37	118.545		-37	0.515	-37	1260.013
-36	-0.702	-36	118.074		-36	0.488	-36	1262.192
-35	-0.9	-35	117.507		-35	0.258	-35	1264.244
-34	-1.29	-34	116.663		-34	-0.164	-34	1265.986
-33	-1.067	-33	115.744		-33	0.027	-33	1267.622
-32	-0.598	-32	115.154		-32	0.464	-32	1269.555
-31	-0.358	-31	114.915		-31	0.671	-31	1271.806
-30	-0.038	-30	114.943		-30	0.96	-30	1274.292
-29	-0.584	-29	114.865		-29	0.381	-29	1276.64
-28	-0.668	-28	114.501		-28	0.265	-28	1278.67
-27	-0.263	-27	114.27		-27	0.637	-27	1280.8
-26	-0.717	-26	114.005		-26	0.151	-26	1282.863
-25	-1.156	-25	113.322		-25	-0.321	-25	1284.475
-24	-1.081	-24	112.471		-24	-0.278	-24	1285.888
-23	-0.281	-23	112.016		-23	0.489	-23	1287.664
-22	-0.988	-22	111.59		-22	-0.25	-22	1289.435
-21	-1.837	-21	110.451		-21	-1.133	-21	1290.462
-20	-1.048	-20	109.272		-20	-0.376	-20	1291.415
-19	-0.858	-19	108.551		-19	-0.219	-19	1292.794
-18	-0.556	-18	108.08		-18	0.05	-18	1294.389
-17	-0.686	-17	107.686		-17	-0.113	-17	1296.028
-16	-1.152	-16	107.005		-16	-0.613	-16	1297.348
-15	-1.468	-15	105.953		-15	-0.962	-15	1298.263
-14	-1.16	-14	104.903		-14	-0.687	-14	1299.147
-13	-0.452	-13	104.327		-13	-0.013	-13	1300.471
-12	-0.728	-12	103.951		-12	-0.322	-12	1301.962
-11	-1.406	-11	103.127		-11	-1.034	-11	1302.972
-10	-1.601	-10	101.873		-10	-1.262	-10	1303.518
-9	-1.934	-9	100.363		-9	-1.629	-9	1303.774
-8	-1.415	-8	98.944		-8	-1.144	-8	1304.088
-7	-1.083	-7	97.945		-7	-0.845	-7	1304.788
-6	-0.205	-6	97.536		-6	-0.001	-6	1306.046
-5	-0.192	-5	97.548		-5	-0.022	-5	1307.688
-4	-0.879	-4	97.236		-4	-0.742	-4	1308.974
-3	-1.766	-3	96.158		-3	-1.663	-3	1309.46
-2	-2.357	-2	94.388		-2	-2.288	-2	1309.22
-1	-0.866	-1	93.049		-1	-0.832	-1	1309.377
0	0	0	92.805		0	0	0	1310.594
1	-1.096	1	92.472		1	-1.13	1	1311.688
2	-1.533	2	91.41		2	-1.602	2	1312.019
3	-2.138	3	89.827		3	-2.241	3	1311.794
4	-2.088	4	87.99		4	-2.226	4	1311.281
5	-1.086	5	86.668		5	-1.258	5	1311.249
6	0.061	6	86.366		6	-0.145	6	1312.202
7	-0.445	7	86.369		7	-0.686	7	1313.426
8	-1.555	8	85.618		8	-1.831	8	1313.86
9	-1.752	9	84.233		9	-2.063	9	1313.626
10	-1.603	10	82.801		10	-1.949	10	1313.31
11	-1.646	11	81.413		11	-2.027	11	1313.003
12	-1.733	12	79.985		12	-2.149	12	1312.622
13	-0.833	13	78.946		13	-1.284	13	1312.593
14	-0.876	14	78.286		14	-1.362	14	1312.909
15	-2.271	15	76.968		15	-2.792	15	1312.532
16	-1.657	16	75.296		16	-2.214	16	1311.765
17	-0.664	17	74.368		17	-1.256	17	1311.707
18	-0.521	18	73.987		18	-1.148	18	1312.161
19	-1.006	19	73.45		19	-1.669	19	1312.423
20	-1.656	20	72.373		20	-2.354	20	1312.11
21	-1.56	21	71.042		21	-2.294	21	1311.506
22	-0.56	22	70.224		22	-1.329	22	1311.381
23	-0.458	23	69.916		23	-1.264	23	1311.73
24	-1.453	24	69.185		24	-2.295	24	1311.619
25	-2.202	25	67.627		25	-3.079	25	1310.647
26	-1.86	26	65.836		26	-2.773	26	1309.404
27	-2.756	27	63.766		27	-3.706	27	1307.846
28	-2.626	28	61.381		28	-3.612	28	1305.938
29	-0.426	29	60.099		29	-1.448	29	1305.097
30	-0.224	30	59.948		30	-1.282	30	1305.35
31	-1.305	31	59.412		31	-2.399	31	1305.182
32	-1.775	32	58.154		32	-2.906	32	1304.256
33	-0.949	33	57.057		33	-2.117	33	1303.454
34	-0.301	34	56.647		34	-1.505	34	1303.302
35	-0.788	35	56.327		35	-2.029	35	1303.204
36	-0.978	36	55.695		36	-2.256	36	1302.758
37	-1.047	37	54.918		37	-2.361	37	1302.129
38	-1.554	38	53.836		38	-2.905	38	1301.159
39	-2.764	39	51.917		39	-4.152	39	1299.314
40	-3.403	40	49.146		40	-4.828	40	1296.58
41	-1.267	41	47.093		41	-2.729	41	1294.528
42	0.021	42	46.657		42	-1.479	42	1294.055
43	-0.511	43	46.612		43	-2.048	43	1293.936
44	-1.241	44	45.979		44	-2.815	44	1293.193
45	-1.699	45	44.762		45	-3.31	45	1291.826
46	-1.94	46	43.214		46	-3.589	46	1290.093
47	-0.997	47	42.009		47	-2.683	47	1288.664
48	-0.23	48	41.604		48	-1.955	48	1287.999
49	-0.864	49	41.283		49	-2.626	49	1287.379
50	-0.863	50	40.66		50	-2.663	50	1286.42
51	-1.58	51	39.674		51	-3.417	51	1285.059
52	-1.915	52	38.193		52	-3.79	52	1283.166
53	-1.485	53	36.748		53	-3.399	53	1281.271
54	-1.212	54	35.636		54	-3.164	54	1279.67
55	-1.055	55	34.737		55	-3.045	55	1278.245
56	-1.152	56	33.867		56	-3.18	56	1276.81
57	-1.434	57	32.8		57	-3.5	57	1275.141
58	-2.287	58	31.219		58	-4.392	58	1272.918
59	-0.825	59	29.932		59	-2.968	59	1270.952
60	-0.363	60	29.527		60	-2.545	60	1269.829
61	-1.456	61	28.828		61	-3.676	61	1268.374
62	-2.499	62	27.153		62	-4.758	62	1265.903
63	-0.719	63	25.829		63	-3.017	63	1263.745
64	0.285	64	25.8		64	-2.052	64	1262.843
65	-0.537	65	25.891		65	-2.913	65	1262.022
66	-0.728	66	25.506		66	-3.143	66	1260.687
67	-1.257	67	24.742		67	-3.711	67	1258.932
68	-2.122	68	23.296		68	-4.615	68	1256.457
69	-2.603	69	21.197		69	-5.135	69	1253.29
70	-2.437	70	18.955		70	-5.009	70	1249.94
71	-1.2	71	17.411		71	-3.811	71	1247.25
72	0.547	72	17.277		72	-2.104	72	1245.929
73	-0.631	73	17.417		73	-3.321	73	1244.843
74	-1.769	74	16.489		74	-4.499	74	1242.65
75	-1.479	75	15.124		75	-4.249	75	1239.979
76	-1.798	76	13.729		76	-4.607	76	1237.24
77	-1.44	77	12.364		77	-4.289	77	1234.489
78	-1.247	78	11.274		78	-4.136	78	1231.974
79	-0.343	79	10.712		79	-3.273	79	1229.947
80	-0.567	80	10.466		80	-3.536	80	1228.196
81	-1.264	81	9.786		81	-4.274	81	1225.971
82	-1.803	82	8.512		82	-4.853	82	1223.111
83	-1.681	83	7.045		83	-4.771	83	1220.019
84	-0.608	84	6.133		84	-3.739	84	1217.44
85	-0.964	85	5.542		85	-4.135	85	1215.143
86	-2.136	86	4.247		86	-5.348	86	1212.1
87	-1.882	87	2.522		87	-5.135	87	1208.587
88	-1.063	88	1.289		88	-4.357	88	1205.524
89	-0.97	89	0.495		89	-4.304	89	1202.861
90	-1.071	90	-0.295		90	-4.447	90	1200.16
91	-1.549	91	-1.372		91	-4.966	91	1197.131
92	-2.083	92	-2.933		92	-5.541	92	1193.577
93	-1.943	93	-4.687		93	-5.442	93	1189.789
94	-1.673	94	-6.259		94	-5.214	94	1186.142
95	-1.806	95	-7.749		95	-5.388	95	1182.535
96	-1.164	96	-8.978		96	-4.787	96	1179.148
97	-0.658	97	-9.678		97	-4.323	97	1176.248
98	-1.52	98	-10.553		98	-5.227	98	1173.132
99	-2.359	99	-12.227		99	-6.108	99	1169.175
100	-2.089	100	-14.183		100	-5.879	100	1164.894
101	-1.686	101	-15.835		101	-5.518	101	1160.876
102	-1.706	102	-17.308		102	-5.58	102	1156.994
103	-2.24	103	-19.041		103	-6.156	103	1152.81
104	-2.383	104	-21.075		104	-6.342	104	1148.283
105	-1.191	105	-22.609		105	-5.192	105	1144.214
106	-0.815	106	-23.383		106	-4.858	106	1140.862
107	-0.261	107	-23.692		107	-4.347	107	1137.933
108	-0.504	108	-23.841		108	-4.632	108	1135.122
109	-0.37	109	-24.058		109	-4.541	109	1132.201
110	-1.625	110	-24.81		110	-5.838	110	1128.701
111	-1.328	111	-26.045		111	-5.584	111	1124.675
112	-2.641	112	-27.793		112	-6.94	112	1120.095
113	-2.586	113	-30.053		113	-6.928	113	1114.958
114	1.409	114	-30.418		114	-2.976	114	1111.674
115	0.584	115	-29.293		115	-3.845	115	1109.837
116	-0.877	116	-29.202		116	-5.349	116	1106.922
117	-1.934	117	-30.344		117	-6.449	117	1102.731
118	-2.36	118	-32.225		118	-6.918	118	1097.758
119	-2.297	119	-34.288		119	-6.899	119	1092.559
120	-1.578	120	-35.961		120	-6.224	120	1087.706
121	-0.464	121	-36.765		121	-5.153	121	1083.68
122	-0.932	122	-37.264		122	-5.665	122	1079.915
123	-1.876	123	-38.427		123	-6.652	123	1075.441
124	-2.406	124	-40.288		124	-7.227	124	1070.225
125	-1.562	125	-41.945		125	-6.427	125	1065.17
126	2.016	126	-41.523		126	-2.893	126	1062.149
127	0.562	127	-40.145		127	-4.391	127	1060.041
128	-3.201	128	-41.143		128	-8.199	128	1055.512
129	-0.826	129	-42.841		129	-5.868	129	1050.238
130	-1.087	130	-43.608		130	-6.173	130	1045.851
131	-1.228	131	-44.514		131	-6.359	131	1041.281
132	-1.038	132	-45.39		132	-6.214	132	1036.695
133	-0.506	133	-45.929		133	-5.726	133	1032.402
134	-0.74	134	-46.326		134	-6.006	134	1028.206
135	-1.015	135	-46.934		135	-6.326	135	1023.754
136	0.081	136	-47.187		136	-5.274	136	1019.612
137	-1.539	137	-47.694		137	-6.94	137	1015.171
138	-1.446	138	-48.905		138	-6.893	138	1009.981
139	-1.172	139	-49.981		139	-6.663	139	1004.88
140	-1.507	140	-51.079		140	-7.045	140	999.712
141	-1.275	141	-52.199		141	-6.858	141	994.477
142	-0.195	142	-52.7		142	-5.824	142	989.814
143	-0.347	143	-52.788		143	-6.022	143	985.519
144	-2.127	144	-53.782		144	-7.847	144	980.272
145	-2.241	145	-55.676		145	-8.007	145	974.079
146	-1.721	146	-57.455		146	-7.533	146	967.956
147	-3.778	147	-59.934		147	-9.637	147	961.086
148	-1.894	148	-62.433		148	-7.799	148	954.15
149	0.615	149	-62.909		149	-5.336	149	949.19
150	-1.298	150	-63.067		150	-7.296	150	944.503
151	-1.568	151	-64.203		151	-7.612	151	938.79
152	-0.871	152	-65.185		152	-6.962	152	933.185
153	-1.376	153	-66.07		153	-7.513	153	927.631
154	-0.83	154	-66.889		154	-7.014	154	922.095
155	0.657	155	-66.779		155	-5.574	155	917.441
156	-1.044	156	-66.773		156	-7.322	156	912.638
157	-1.58	157	-67.783		157	-7.906	157	906.769
158	-0.454	158	-68.595		158	-6.826	158	901.053
159	-2.78	159	-69.967		159	-9.2	159	894.729
160	-1.497	160	-71.78		160	-7.965	160	887.917
161	0.203	161	-72.218		161	-6.312	161	882.431
162	-0.122	162	-71.963		162	-6.684	162	877.592
163	0.245	163	-71.665		163	-6.365	163	872.748
164	-0.334	164	-71.488		164	-6.992	164	867.735
165	-0.977	165	-71.868		165	-7.684	165	862.117
166	0.046	166	-72.079		166	-6.709	166	856.62
167	-0.007	167	-71.838		167	-6.81	167	851.527
168	0.021	168	-71.61		168	-6.83	168	846.373
169	-1.026	169	-71.864		169	-7.926	169	840.687
170	-0.714	170	-72.501		170	-7.662	170	834.572
171	-2.167	171	-73.695		171	-9.163	171	827.85
172	-1.654	172	-75.309		172	-8.699	172	820.66
173	-0.48	173	-76.135		173	-7.573	173	814.208
174	-0.073	174	-76.182		174	-7.216	174	808.487
175	0.495	175	-75.745		175	-6.697	175	803.202
176	0.124	176	-75.221		176	-7.117	176	797.954
177	-0.63	177	-75.218		177	-7.92	177	792.136
178	-0.344	178	-75.427		178	-7.684	178	786.056
179	0.621	179	-75.059		179	-6.768	179	780.504
180	0.291	180	-74.413		180	-7.147	180	775.181
181	-1.246	181	-74.64		181	-8.734	181	768.935
182	-1.182	182	-75.572		182	-8.72	182	761.934
183	-0.817	183	-76.327		183	-8.404	183	755.062
184	-0.611	184	-76.823		184	-8.249	184	748.397
185	-1.425	185	-77.606		185	-9.113	185	741.395
186	-1.568	186	-78.82		186	-9.306	186	733.913
187	-0.42	187	-79.576		187	-8.208	187	726.839
188	-0.755	188	-79.946		188	-8.594	188	720.099
189	-0.788	189	-80.463		189	-8.677	189	713.163
190	-0.522	190	-80.882		190	-8.462	190	706.274
191	-0.815	191	-81.322		191	-8.805	191	699.313
192	-1.208	192	-82.093		192	-9.25	192	691.97
193	-1.598	193	-83.219		193	-9.691	193	684.222
194	-0.275	194	-83.935		194	-8.419	194	676.833
195	-1.69	195	-84.719		195	-9.884	195	669.324
196	-2.48	196	-86.517		196	-10.726	196	660.75
197	-1.773	197	-88.385		197	-10.07	197	652.055
198	-1.756	198	-89.884		198	-10.105	198	643.676
199	0.043	199	-90.509		199	-8.358	199	636.122
200	-0.427	200	-90.49		200	-8.879	200	629.158
201	-0.127	201	-90.507		201	-8.631	201	622.107
202	0.247	202	-90.203		202	-8.309	202	615.326
203	0.662	203	-89.517		203	-7.946	203	608.875
204	0.527	204	-88.737		204	-8.133	204	602.465
205	-1.757	205	-89.083		205	-10.47	205	594.877
206	-0.607	206	-89.998		206	-9.372	206	586.667
207	-1.716	207	-90.961		207	-10.533	207	578.357
208	-2.68	208	-92.821		208	-11.551	208	569.098
209	0.833	209	-93.479		209	-8.09	209	560.987
210	0.992	210	-92.432		210	-7.984	210	554.529
211	-0.659	211	-92.028		211	-9.688	211	547.375
212	-0.725	212	-92.456		212	-9.807	212	539.336
213	-1.346	213	-93.24		213	-10.482	213	530.887
214	-0.966	214	-94.143		214	-10.154	214	522.267
215	-1.042	215	-94.897		215	-10.285	215	513.742
216	-0.291	216	-95.339		216	-9.586	216	505.475
217	-1.224	217	-95.861		217	-10.573	217	497.075
218	-0.784	218	-96.588		218	-10.188	218	488.416
219	-0.065	219	-96.805		219	-9.523	219	480.213
220	-1.259	220	-97.218		220	-10.77	220	471.76
221	-0.205	221	-97.673		221	-9.771	221	463.211
222	0.257	222	-97.451		222	-9.363	222	455.284
223	-0.927	223	-97.561		223	-10.601	223	446.972
224	-1.296	224	-98.4		224	-11.024	224	437.876
225	-1.027	225	-99.311		225	-10.811	225	428.653
226	-0.998	226	-100.083		226	-10.837	226	419.515
227	-0.773	227	-100.722		227	-10.666	227	410.454
228	-0.559	228	-101.176		228	-10.507	228	401.524
229	-1.779	229	-102.106		229	-11.782	229	392.062
230	-1.743	230	-103.578		230	-11.802	230	382.004
231	-0.711	231	-104.565		231	-10.825	231	372.374
232	-0.795	232	-105.09		232	-10.964	232	363.152
233	-0.466	233	-105.476		233	-10.691	233	354.013
234	-0.406	234	-105.68		234	-10.687	234	345
235	-0.612	235	-105.949		235	-10.949	235	335.866
236	-0.644	236	-106.322		236	-11.037	236	326.572
237	-0.249	237	-106.545		237	-10.698	237	317.373
238	-1.146	238	-106.988		238	-11.652	238	307.897
239	-0.145	239	-107.346		239	-10.706	239	298.45
240	1.128	240	-106.67		240	-9.491	240	289.98
241	-0.677	241	-106.265		241	-11.352	241	281.182
242	-2.395	242	-107.479		242	-13.127	242	270.709
243	-0.356	243	-108.597		243	-11.145	243	260.275
244	-1.355	244	-109.247		244	-12.201	244	250.252
245	-1.071	245	-110.196		245	-11.973	245	239.874
246	-1.01	246	-110.975		246	-11.971	246	229.608
247	0.193	247	-111.154		247	-10.824	247	219.884
248	-0.359	248	-111.035		248	-11.435	248	210.401
249	-1.08	249	-111.482		249	-12.213	249	200.294
250	-0.165	250	-111.842		250	-11.356	250	190.216
251	0.078	251	-111.655		251	-11.17	251	180.627
252	0.416	252	-111.191		252	-10.891	252	171.259
253	-0.531	253	-111.033		253	-11.896	253	161.525
254	-1.484	254	-111.75		254	-12.908	254	150.858
255	-0.123	255	-112.296		255	-11.605	255	140.304
256	-0.324	256	-112.309		256	-11.864	256	130.224
257	-0.506	257	-112.489		257	-12.106	257	119.919
258	-1.025	258	-112.993		258	-12.683	258	109.23
259	-0.312	259	-113.397		259	-12.029	259	98.584
260	0.274	260	-113.21		260	-11.502	260	88.468
261	-0.76	261	-113.213		261	-12.596	261	78.103
262	-0.284	262	-113.454		262	-12.179	262	67.442
263	0.545	263	-113.097		263	-11.409	263	57.318
264	0.248	264	-112.486		264	-11.766	264	47.389
265	-0.256	265	-112.264		265	-12.33	265	37.011
266	-1.33	266	-112.766		266	-13.464	266	25.85
267	0.527	267	-112.922		267	-11.667	267	14.974
268	-0.391	268	-112.66		268	-12.645	268	4.456
269	-0.857	269	-113.013		269	-13.172	269	-6.737
270	-0.381	270	-113.38		270	-12.756	270	-18.004
271	-0.385	271	-113.531		271	-12.821	271	-29.116
272	-0.38	272	-113.698		272	-12.877	272	-40.304
273	-1.62	273	-114.464		273	-14.177	273	-52.153
274	-2.01	274	-115.95		274	-14.628	274	-64.783
275	0.904	275	-116.237		275	-11.776	275	-76.274
276	1.663	276	-114.795		276	-11.078	276	-86.099
277	0.522	277	-113.515		277	-12.281	277	-96.146
278	-1.319	278	-113.623		278	-14.183	278	-107.643
279	-0.148	279	-114.085		279	-13.074	279	-119.556
280	-0.606	280	-114.246		280	-13.594	280	-131.23
281	-0.7	281	-114.64		281	-13.75	281	-143.197
282	-0.32	282	-114.899		282	-13.432	282	-155.094
283	-0.04	283	-114.847		283	-13.214	283	-166.74
284	-0.154	284	-114.719		284	-13.391	284	-178.373
285	-0.692	285	-114.907		285	-13.991	285	-190.385
286	-1.152	286	-115.555		286	-14.514	286	-202.92
287	-0.173	287	-115.929		287	-13.598	287	-215.243
288	1.581	288	-115.014		288	-11.908	288	-226.341
289	1.072	289	-113.543		289	-12.48	289	-236.945
290	-1.83	290	-113.634		290	-15.444	290	-249.174
291	-0.148	291	-114.287		291	-13.827	291	-262.03
292	1.436	292	-113.456		292	-12.306	292	-273.464
293	0.505	293	-112.295		293	-13.301	293	-284.632
294	-0.376	294	-111.973		294	-14.246	294	-296.704
295	-0.568	295	-112.185		295	-14.502	295	-309.373
296	-0.587	296	-112.522		296	-14.585	296	-322.232
297	-0.866	297	-112.998		297	-14.928	297	-335.294
298	-0.483	298	-113.404		298	-14.61	298	-348.35
299	0.498	299	-113.168		299	-13.694	299	-360.829
300	0.239	300	-112.586		300	-14.017	300	-373.026
301	-0.124	301	-112.296		301	-14.445	301	-385.581
302	-0.867	302	-112.472		302	-15.253	302	-398.666
303	2.468	303	-111.465		303	-11.984	303	-410.634
304	-0.011	304	-110.096		304	-14.528	304	-422.305
305	-1.525	305	-110.536		305	-16.108	305	-435.851
306	0.118	306	-110.954		306	-14.531	306	-449.441
307	0.639	307	-110.339		307	-14.076	307	-462.063
308	2.023	308	-108.815		308	-12.757	308	-473.841
309	0.225	309	-107.508		309	-14.622	309	-485.904
310	-1.233	310	-107.691		310	-16.146	310	-499.523
311	0.765	311	-107.629		311	-14.215	311	-512.963
312	1.877	312	-106.122		312	-13.17	312	-525.025
313	1.184	313	-104.398		313	-13.929	313	-536.936
314	-0.04	314	-103.545		314	-15.22	314	-549.785
315	1.168	315	-102.68		315	-14.08	315	-562.69
316	2.732	316	-100.554		316	-12.583	316	-574.4
317	0.813	317	-98.581		317	-14.569	317	-586.331
318	0.386	318	-97.714		318	-15.064	318	-599.436
319	-0.355	319	-97.431		319	-15.873	319	-613.192
320	0.458	320	-97.123		320	-15.128	320	-626.992
321	0.41	321	-96.487		321	-15.243	321	-640.531
322	-0.705	322	-96.375		322	-16.427	322	-654.662
323	0.068	323	-96.382		323	-15.722	323	-668.981
324	2.278	324	-95.005		324	-13.581	324	-681.984
325	1.205	325	-93.109		325	-14.723	325	-694.537
326	-0.769	326	-92.594		326	-16.766	326	-708.54
327	0.788	327	-92.243		327	-15.278	327	-722.775
328	3.616	328	-89.88		328	-12.518	328	-735.068
329	1.249	329	-87.264		329	-14.955	329	-747.177
330	1.276	330	-85.726		330	-14.998	330	-760.434
331	0.507	331	-84.59		331	-15.837	331	-774.162
332	0.635	332	-83.76		332	-15.779	332	-788.267
333	0.667	333	-82.87		333	-15.817	333	-802.381
334	0.643	334	-81.971		334	-15.911	334	-816.557
335	0.768	335	-81.01		335	-15.856	335	-830.739
336	1.416	336	-79.687		336	-15.279	336	-844.632
337	0.949	337	-78.294		337	-15.816	337	-858.524
338	0.107	338	-77.518		338	-16.729	338	-873.105
339	-0.107	339	-77.221		339	-17.015	339	-888.237
340	1.64	340	-76.225		340	-15.339	340	-902.739
341	0.825	341	-74.796		341	-16.225	341	-916.88
342	0.396	342	-73.92		342	-16.726	342	-931.646
343	0.717	343	-73.098		343	-16.477	343	-946.537
344	1.413	344	-71.831		344	-15.852	344	-961.056
345	-0.204	345	-71.023		345	-17.541	345	-976.105
346	-1.404	346	-71.489		346	-18.813	346	-992.5
347	1.59	347	-71.12		347	-15.893	347	-1008.134
348	1.971	348	-69.152		348	-15.584	348	-1022.24
349	2.334	349	-66.761		349	-15.294	349	-1035.996
350	2.518	350	-64.143		350	-15.182	350	-1049.597
351	0.499	351	-62.388		351	-17.275	351	-1064.136
352	0.877	352	-61.428		352	-16.97	352	-1079.543
353	0.261	353	-60.624		353	-17.66	353	-1095.178
354	0.332	354	-60.05		354	-17.663	354	-1111.117
355	1.42	355	-58.942		355	-16.649	355	-1126.597
356	1.005	356	-57.517		356	-17.137	356	-1141.833
357	0.672	357	-56.451		357	-17.544	357	-1157.502
358	-0.46	358	-56.102		358	-18.751	358	-1173.962
359	-0.752	359	-56.381		359	-19.118	359	-1191.125
360	2.194	360	-55.373		360	-16.247	360	-1207.077
361	4.024	361	-52.121		361	-14.491	361	-1220.858
362	2.224	362	-48.815		362	-16.366	362	-1234.661
363	1.163	363	-46.825		363	-17.503	363	-1249.855
364	1.938	364	-45.007		364	-16.804	364	-1265.296
365	2.1	365	-42.804		365	-16.717	365	-1280.428
366	0.114	366	-41.45		366	-18.779	366	-1296.485
367	0.455	367	-40.877		367	-18.514	367	-1313.398
368	0.704	368	-40.056		368	-18.341	368	-1330.14
369	1.034	369	-38.96		369	-18.087	369	-1346.684
370	0.521	370	-37.935		370	-18.677	370	-1363.374
371	1.095	371	-36.859		371	-18.18	371	-1380.09
372	1.866	372	-35.138		372	-17.487	372	-1396.239
373	2.331	373	-32.813		373	-17.099	373	-1411.86
374	2.374	374	-30.27		374	-17.133	374	-1427.34
375	0.409	375	-28.651		375	-19.175	375	-1443.823
376	-0.257	376	-28.26		376	-19.919	376	-1461.61
377	1.271	377	-27.492		377	-18.469	377	-1479.099
378	1.489	378	-25.903		378	-18.329	378	-1495.845
379	1.398	379	-24.21		379	-18.498	379	-1512.565
380	1.962	380	-22.281		380	-18.013	380	-1529.127
381	2.175	381	-20.02		381	-17.879	381	-1545.436
382	0.378	382	-18.521		382	-19.755	382	-1562.586
383	-0.38	383	-18.218		383	-20.591	383	-1581.01
384	0.825	384	-17.688		384	-19.466	384	-1599.288
385	3.165	385	-15.47		385	-17.206	385	-1615.956
386	3.458	386	-12.007		386	-16.992	386	-1631.459
387	1.44	387	-9.342		387	-19.09	387	-1647.84
388	0.479	388	-8.091		388	-20.131	388	-1665.714
389	0.846	389	-7.153		389	-19.845	389	-1683.982
390	1.461	390	-5.783		390	-19.309	390	-1701.899
391	0.601	391	-4.501		391	-20.25	391	-1719.983
392	1.637	392	-3.103		392	-19.295	392	-1738.033
393	2.513	393	-0.852		393	-18.501	393	-1755.311
394	0.363	394	0.806		394	-20.732	394	-1773.263
395	0.181	395	1.392		395	-20.995	395	-1792.367
396	1.506	396	2.52		396	-19.752	396	-1811.013
397	3.343	397	5.146		397	-17.997	397	-1828.241
398	2.735	398	8.35		398	-18.687	398	-1844.974
399	0.843	399	10.382		399	-20.661	399	-1862.96
400	0.277	400	11.259		400	-21.309	400	-1882.184
401	1.955	401	12.609		401	-19.715	401	-1901.018
402	1.004	402	14.276		402	-20.749	402	-1919.618
403	0.05	403	15.088		403	-21.785	403	-1939.156
404	1.127	404	15.945		404	-20.791	404	-1958.732
405	1.435	405	17.441		405	-20.568	405	-1977.752
406	1.183	406	18.993		406	-20.903	406	-1996.801
407	1.527	407	20.6		407	-20.643	407	-2015.877
408	1.747	408	22.497		408	-20.508	408	-2034.748
409	2.973	409	25.11		409	-19.366	409	-2052.987
410	3.698	410	28.625		410	-18.725	410	-2070.409
411	1.931	411	31.639		411	-20.577	411	-2088.416
412	0.591	412	33.177		412	-22.003	412	-2107.985
413	0.491	413	34.001		413	-22.188	413	-2128.353
414	1.094	414	35.055		414	-21.67	414	-2148.575
415	1.921	415	36.791		415	-20.928	415	-2168.202
416	1.863	416	38.904		416	-21.072	416	-2187.537
417	1.669	417	40.906		417	-21.353	417	-2207.07
418	1.277	418	42.644		418	-21.831	418	-2226.952
419	2.201	419	44.601		419	-20.994	419	-2246.702
420	0.692	420	46.327		420	-22.59	420	-2266.769
421	3.431	421	48.674		421	-19.938	421	-2286.303
422	4.015	422	52.566		422	-19.44	422	-2304.378
423	3.244	423	56.413		423	-20.299	423	-2322.586
424	2.631	424	59.604		424	-21	424	-2341.538
425	2.37	425	62.34		425	-21.349	425	-2361.033
426	1.443	426	64.505		426	-22.364	426	-2381.185
427	2.019	427	66.523		427	-21.876	427	-2401.574
428	3.216	428	69.366		428	-20.768	428	-2421.226
429	3.029	429	72.724		429	-21.043	429	-2440.452
430	3.87	430	76.439		430	-20.291	430	-2459.409
431	4.812	431	81.009		431	-19.439	431	-2477.601
432	4.983	432	86.126		432	-19.357	432	-2495.334
433	4.868	433	91.306		433	-19.562	433	-2513.095
434	5.634	434	96.814		434	-18.885	434	-2530.617
435	6.252	435	102.968		435	-18.358	435	-2547.583
436	5.517	436	109.085		436	-19.183	436	-2564.678
437	5.631	437	114.901		437	-19.16	437	-2582.162
438	4.933	438	120.426		438	-19.948	438	-2600.029
439	5.054	439	125.667		439	-19.919	439	-2618.271
440	4.607	440	130.746		440	-20.457	440	-2636.766
441	5.058	441	135.844		441	-20.098	441	-2655.334
442	5.742	442	141.475		442	-19.505	442	-2673.46
443	5.657	443	147.394		443	-19.683	443	-2691.39
444	5.245	444	153.079		444	-20.186	444	-2709.646
445	4.758	445	158.313		445	-20.767	445	-2728.447
446	3.874	446	162.859		446	-21.743	446	-2748.026
447	2.718	447	166.379		447	-22.992	447	-2768.726
448	1.4	448	168.693		448	-24.404	448	-2790.723
449	-0.743	449	169.124		449	-26.639	449	-2814.703
450	-2.854	450	168.29		450	-28.845	450	-2840.004
