average Forward/rotated
24/01/2013 at 14:38
No ref/gravity correction
817.099976
-1.000000
1001
-500.0000000	1.9324490
-499.0000000	2.1178199
-498.0000000	2.7837510
-497.0000000	3.7967455
-496.0000000	4.3438029
-495.0000000	4.3894261
-494.0000000	4.5756137
-493.0000000	4.7718709
-492.0000000	4.6706964
-491.0000000	4.4215913
-490.0000000	4.3550577
-489.0000000	4.4140985
-488.0000000	4.0862115
-487.0000000	3.6949006
-486.0000000	3.3636669
-485.0000000	3.1455112
-484.0000000	3.0599356
-483.0000000	3.1104405
-482.0000000	3.2910267
-481.0000000	3.4641966
-480.0000000	3.4964515
-479.0000000	3.2432919
-478.0000000	3.1822211
-477.0000000	3.4052385
-476.0000000	3.5378450
-475.0000000	3.5575440
-474.0000000	3.4988350
-473.0000000	3.5007201
-472.0000000	3.5997007
-471.0000000	3.6197775
-470.0000000	3.6419532
-469.0000000	3.8092286
-468.0000000	4.0996038
-467.0000000	4.4600807
-466.0000000	4.7566608
-465.0000000	4.8808459
-464.0000000	4.7726368
-463.0000000	4.5275358
-462.0000000	4.2785428
-461.0000000	3.9851604
-460.0000000	3.7468875
-459.0000000	3.6267283
-458.0000000	3.5276837
-457.0000000	3.2887531
-456.0000000	2.9674396
-455.0000000	2.7652443
-454.0000000	2.7461669
-453.0000000	2.7497110
-452.0000000	2.8348770
-451.0000000	2.9976655
-450.0000000	3.1020792
-449.0000000	3.1531185
-448.0000000	3.1872848
-447.0000000	3.2660799
-446.0000000	3.3860042
-445.0000000	3.2940597
-444.0000000	3.0552483
-443.0000000	2.8680709
-442.0000000	2.7020276
-441.0000000	2.4586204
-440.0000000	2.4368522
-439.0000000	2.5592222
-438.0000000	2.7192330
-437.0000000	2.8308854
-436.0000000	2.8661799
-435.0000000	3.0271205
-434.0000000	3.1202049
-433.0000000	2.9959376
-432.0000000	2.8228188
-431.0000000	2.4693497
-430.0000000	2.2850302
-429.0000000	2.5598637
-428.0000000	2.8143515
-427.0000000	2.7804935
-426.0000000	2.7407912
-425.0000000	2.8747476
-424.0000000	2.9008630
-423.0000000	2.9221386
-422.0000000	3.0535745
-421.0000000	3.0731747
-420.0000000	2.8934391
-419.0000000	2.6148681
-418.0000000	2.5089645
-417.0000000	2.6362289
-416.0000000	2.5636631
-415.0000000	2.4937677
-414.0000000	2.4820450
-413.0000000	2.3734956
-412.0000000	2.3061215
-411.0000000	2.3149227
-410.0000000	2.2924016
-409.0000000	2.0750595
-408.0000000	1.9928978
-407.0000000	2.1034166
-406.0000000	2.2091182
-405.0000000	2.2005047
-404.0000000	2.2305764
-403.0000000	2.2873347
-402.0000000	2.3307807
-401.0000000	2.5419167
-400.0000000	2.7132425
-399.0000000	2.7147611
-398.0000000	2.7799735
-397.0000000	2.8213795
-396.0000000	2.7984816
-395.0000000	2.7632813
-394.0000000	2.7737803
-393.0000000	2.8694794
-392.0000000	3.0853787
-391.0000000	3.2299808
-390.0000000	3.1417880
-389.0000000	2.9372996
-388.0000000	2.7725171
-387.0000000	2.6644429
-386.0000000	2.6595787
-385.0000000	2.6609246
-384.0000000	2.6379834
-383.0000000	2.7122537
-382.0000000	2.7017394
-381.0000000	2.5154414
-380.0000000	2.2743593
-379.0000000	2.1909969
-378.0000000	2.2288537
-377.0000000	2.3569319
-376.0000000	2.4887325
-375.0000000	2.4352577
-374.0000000	2.4045062
-373.0000000	2.3994824
-372.0000000	2.4491861
-371.0000000	2.3716202
-370.0000000	2.2842826
-369.0000000	2.3001784
-368.0000000	2.4193069
-367.0000000	2.4721692
-366.0000000	2.3597676
-365.0000000	2.1801029
-364.0000000	2.1791777
-363.0000000	2.1869904
-362.0000000	2.1710449
-361.0000000	2.1363426
-360.0000000	1.9608833
-359.0000000	1.8201692
-358.0000000	1.8312011
-357.0000000	1.8439798
-356.0000000	1.7745090
-355.0000000	1.7857871
-354.0000000	1.9223179
-353.0000000	2.0511022
-352.0000000	2.0756399
-351.0000000	1.9809332
-350.0000000	1.9254829
-349.0000000	1.9237919
-348.0000000	1.9388601
-347.0000000	2.0161894
-346.0000000	2.1942811
-345.0000000	2.2976356
-344.0000000	2.1947548
-343.0000000	2.0191413
-342.0000000	1.8747944
-341.0000000	1.7532165
-340.0000000	1.7004083
-339.0000000	1.6753726
-338.0000000	1.6966084
-337.0000000	1.7331196
-336.0000000	1.8464062
-335.0000000	1.9814692
-334.0000000	1.9448104
-333.0000000	1.8429308
-332.0000000	1.8303327
-331.0000000	1.8210159
-330.0000000	1.8709826
-329.0000000	1.9337338
-328.0000000	1.9797728
-327.0000000	2.0265970
-326.0000000	2.0777105
-325.0000000	2.1381149
-324.0000000	2.1213103
-323.0000000	2.1152983
-322.0000000	2.1325792
-321.0000000	2.1011574
-320.0000000	2.0295308
-319.0000000	2.0382030
-318.0000000	2.0526743
-317.0000000	1.9904457
-316.0000000	2.0075195
-315.0000000	2.0458964
-314.0000000	1.9660782
-313.0000000	1.9200647
-312.0000000	1.8748601
-311.0000000	1.9219631
-310.0000000	2.0083765
-309.0000000	1.9921015
-308.0000000	2.0026382
-307.0000000	2.0774890
-306.0000000	2.1171549
-305.0000000	2.1146378
-304.0000000	2.1294383
-303.0000000	2.0495576
-302.0000000	1.9599977
-301.0000000	1.9117595
-300.0000000	1.8418446
-299.0000000	1.7967541
-298.0000000	1.7549892
-297.0000000	1.7455519
-296.0000000	1.7989425
-295.0000000	1.8531631
-294.0000000	1.8862147
-293.0000000	1.8900988
-292.0000000	1.8493169
-291.0000000	1.7943700
-290.0000000	1.7902593
-289.0000000	1.7789862
-288.0000000	1.6635523
-287.0000000	1.6049588
-286.0000000	1.5572068
-285.0000000	1.4992975
-284.0000000	1.4862333
-283.0000000	1.4625141
-282.0000000	1.5736420
-281.0000000	1.7031182
-280.0000000	1.6734445
-279.0000000	1.6301217
-278.0000000	1.6096508
-277.0000000	1.5805332
-276.0000000	1.5782713
-275.0000000	1.6303654
-274.0000000	1.6463167
-273.0000000	1.6821272
-272.0000000	1.7172082
-271.0000000	1.7250183
-270.0000000	1.6834697
-269.0000000	1.6625639
-268.0000000	1.6133015
-267.0000000	1.5676844
-266.0000000	1.5122137
-265.0000000	1.4533904
-264.0000000	1.4332162
-263.0000000	1.4491928
-262.0000000	1.4663208
-261.0000000	1.4406018
-260.0000000	1.3435374
-259.0000000	1.2561286
-258.0000000	1.1798766
-257.0000000	1.1187829
-256.0000000	1.1798489
-255.0000000	1.3000760
-254.0000000	1.4519651
-253.0000000	1.4965183
-252.0000000	1.4717358
-251.0000000	1.5181203
-250.0000000	1.5951715
-249.0000000	1.6438923
-248.0000000	1.6737830
-247.0000000	1.5933456
-246.0000000	1.5010808
-245.0000000	1.4669909
-244.0000000	1.4830759
-243.0000000	1.4283375
-242.0000000	1.4122773
-241.0000000	1.3678972
-240.0000000	1.2896977
-239.0000000	1.2936803
-238.0000000	1.2608460
-237.0000000	1.2816969
-236.0000000	1.2082340
-235.0000000	1.1634584
-234.0000000	1.0893718
-233.0000000	0.9979753
-232.0000000	0.9607699
-231.0000000	1.0127574
-230.0000000	1.0349389
-229.0000000	1.0143161
-228.0000000	0.9578895
-227.0000000	0.9101615
-226.0000000	0.9556325
-225.0000000	1.0993044
-224.0000000	1.1796779
-223.0000000	1.2192551
-222.0000000	1.1850373
-221.0000000	1.1525251
-220.0000000	1.2577202
-219.0000000	1.4221240
-218.0000000	1.4952379
-217.0000000	1.4720631
-216.0000000	1.4516004
-215.0000000	1.4653523
-214.0000000	1.4963190
-213.0000000	1.5080023
-212.0000000	1.5284040
-211.0000000	1.5700247
-210.0000000	1.5353660
-209.0000000	1.4534288
-208.0000000	1.4737152
-207.0000000	1.4627260
-206.0000000	1.4084627
-205.0000000	1.3374266
-204.0000000	1.3056190
-203.0000000	1.2655411
-202.0000000	1.2956945
-201.0000000	1.2970803
-200.0000000	1.2651999
-199.0000000	1.1930547
-198.0000000	1.1121460
-197.0000000	1.0604750
-196.0000000	0.9700431
-195.0000000	0.9228517
-194.0000000	0.9659021
-193.0000000	1.0416954
-192.0000000	1.0277331
-191.0000000	1.0550166
-190.0000000	1.0295472
-189.0000000	0.9638261
-188.0000000	0.8648548
-187.0000000	0.8201344
-186.0000000	0.9091664
-185.0000000	0.9074521
-184.0000000	0.8414928
-183.0000000	0.8562898
-182.0000000	0.8528444
-181.0000000	0.7761580
-180.0000000	0.7257318
-179.0000000	0.7365674
-178.0000000	0.7931658
-177.0000000	0.8195286
-176.0000000	0.7771567
-175.0000000	0.7475520
-174.0000000	0.7077154
-173.0000000	0.7211484
-172.0000000	0.7098523
-171.0000000	0.6963284
-170.0000000	0.7410781
-169.0000000	0.8521026
-168.0000000	0.9529032
-167.0000000	1.0034816
-166.0000000	1.0013384
-165.0000000	1.0494756
-164.0000000	1.0703943
-163.0000000	0.9075959
-162.0000000	0.7990814
-161.0000000	0.8108525
-160.0000000	0.8419105
-159.0000000	0.8437563
-158.0000000	0.8628917
-157.0000000	0.8423178
-156.0000000	0.8670361
-155.0000000	0.7960477
-154.0000000	0.7338540
-153.0000000	0.8669564
-152.0000000	1.0568562
-151.0000000	1.1690547
-150.0000000	1.1595533
-149.0000000	1.1043529
-148.0000000	1.0204554
-147.0000000	0.9108619
-146.0000000	1.0355737
-145.0000000	0.9765923
-144.0000000	0.9289187
-143.0000000	0.9355544
-142.0000000	0.9670007
-141.0000000	0.9392590
-140.0000000	0.9308306
-139.0000000	1.0482168
-138.0000000	1.1749188
-137.0000000	1.1569380
-136.0000000	1.0907760
-135.0000000	1.1364337
-134.0000000	1.2289127
-133.0000000	1.2302142
-132.0000000	1.0598396
-131.0000000	0.9202901
-130.0000000	0.9140672
-129.0000000	0.9421721
-128.0000000	0.9286061
-127.0000000	0.8878707
-126.0000000	0.7839670
-125.0000000	0.7188965
-124.0000000	0.6606605
-123.0000000	0.5697601
-122.0000000	0.5731969
-121.0000000	0.6414722
-120.0000000	0.7445872
-119.0000000	0.8265433
-118.0000000	0.8733417
-117.0000000	0.8569840
-116.0000000	0.7964713
-115.0000000	0.7618048
-114.0000000	0.7479862
-113.0000000	0.8410166
-112.0000000	0.9568972
-111.0000000	0.8881297
-110.0000000	0.7422150
-109.0000000	0.6806547
-108.0000000	0.6609501
-107.0000000	0.6371024
-106.0000000	0.6296130
-105.0000000	0.6514832
-104.0000000	0.7002144
-103.0000000	0.7658078
-102.0000000	0.7667649
-101.0000000	0.6120868
-100.0000000	0.4467750
-99.0000000	0.3923308
-98.0000000	0.4512554
-97.0000000	0.5340502
-96.0000000	0.6287166
-95.0000000	0.7857559
-94.0000000	0.8286693
-93.0000000	0.7689583
-92.0000000	0.7971241
-91.0000000	0.7186680
-90.0000000	0.6320915
-89.0000000	0.6103957
-88.0000000	0.6095821
-87.0000000	0.5876519
-86.0000000	0.6126066
-85.0000000	0.6764472
-84.0000000	0.6451754
-83.0000000	0.5507923
-82.0000000	0.5892993
-81.0000000	0.6451977
-80.0000000	0.7224888
-79.0000000	0.7896740
-78.0000000	0.8422545
-77.0000000	0.8657317
-76.0000000	0.8421070
-75.0000000	0.8213816
-74.0000000	0.8170569
-73.0000000	0.8471343
-72.0000000	0.9016149
-71.0000000	0.9475001
-70.0000000	0.8927913
-69.0000000	0.8484899
-68.0000000	0.9200970
-67.0000000	0.9551141
-66.0000000	1.0170425
-65.0000000	0.9893833
-64.0000000	0.8791382
-63.0000000	0.8053084
-62.0000000	0.7778951
-61.0000000	0.7508996
-60.0000000	0.6448234
-59.0000000	0.5706677
-58.0000000	0.5784339
-57.0000000	0.5976233
-56.0000000	0.7287371
-55.0000000	0.8837769
-54.0000000	0.8727438
-53.0000000	0.7961391
-52.0000000	0.7274643
-51.0000000	0.6932206
-50.0000000	0.7299094
-49.0000000	0.6865319
-48.0000000	0.5955896
-47.0000000	0.5955837
-46.0000000	0.5735155
-45.0000000	0.4803865
-44.0000000	0.3261978
-43.0000000	0.2144508
-42.0000000	0.2766469
-41.0000000	0.4217874
-40.0000000	0.4863736
-39.0000000	0.4924068
-38.0000000	0.5468884
-37.0000000	0.6878196
-36.0000000	0.7942018
-35.0000000	0.6925364
-34.0000000	0.6353246
-33.0000000	0.6670678
-32.0000000	0.6342673
-31.0000000	0.7204244
-30.0000000	0.6730404
-29.0000000	0.6141167
-28.0000000	0.6026547
-27.0000000	0.4641555
-26.0000000	0.4026205
-25.0000000	0.4070512
-24.0000000	0.3194487
-23.0000000	0.1938144
-22.0000000	0.1201497
-21.0000000	0.1754559
-20.0000000	0.2897342
-19.0000000	0.3954861
-18.0000000	0.4972127
-17.0000000	0.4419156
-16.0000000	0.3295959
-15.0000000	0.2112551
-14.0000000	0.1323943
-13.0000000	0.1735151
-12.0000000	0.1541186
-11.0000000	-0.0017938
-10.0000000	-0.0297207
-9.0000000	0.0443391
-8.0000000	0.0228870
-7.0000000	-0.0305757
-6.0000000	-0.1110477
-5.0000000	-0.2550276
-4.0000000	-0.2565141
-3.0000000	-0.1815060
-2.0000000	-0.1570018
-1.0000000	-0.0650002
0.0000000	-0.0230000
1.0000000	0.0250002
2.0000000	0.0070018
3.0000000	-0.0484940
4.0000000	-0.0289859
5.0000000	0.0110276
6.0000000	0.0815477
7.0000000	0.1540757
8.0000000	0.1221130
9.0000000	0.1411609
10.0000000	0.2467207
11.0000000	0.3372938
12.0000000	0.2983814
13.0000000	0.2374849
14.0000000	0.2421057
15.0000000	0.1462450
16.0000000	-0.0635959
17.0000000	-0.1939156
18.0000000	-0.2867127
19.0000000	-0.3414860
20.0000000	-0.3772342
21.0000000	-0.4199559
22.0000000	-0.2886497
23.0000000	-0.0958144
24.0000000	-0.1239487
25.0000000	-0.2035512
26.0000000	-0.1966205
27.0000000	-0.1631555
28.0000000	-0.1716546
29.0000000	-0.1166167
30.0000000	-0.0450404
31.0000000	-0.0869244
32.0000000	-0.1542673
33.0000000	-0.1325678
34.0000000	-0.0808246
35.0000000	0.0074636
36.0000000	0.1347981
37.0000000	0.2686804
38.0000000	0.3936116
39.0000000	0.4175932
40.0000000	0.3231264
41.0000000	0.2727126
42.0000000	0.2203531
43.0000000	0.1395492
44.0000000	0.1108022
45.0000000	0.1746136
46.0000000	0.2134845
47.0000000	0.0404163
48.0000000	-0.1380896
49.0000000	-0.0930319
50.0000000	-0.0774094
51.0000000	-0.1267206
52.0000000	-0.1559643
53.0000000	-0.2141391
54.0000000	-0.1977438
55.0000000	-0.0722769
56.0000000	-0.0652372
57.0000000	-0.1231233
58.0000000	-0.0494339
59.0000000	-0.0996677
60.0000000	-0.1588234
61.0000000	-0.1778996
62.0000000	-0.1148951
63.0000000	-0.1188084
64.0000000	-0.2826383
65.0000000	-0.3138834
66.0000000	-0.2615424
67.0000000	-0.2291141
68.0000000	-0.2730970
69.0000000	-0.3379898
70.0000000	-0.3662913
71.0000000	-0.3535001
72.0000000	-0.2666148
73.0000000	-0.1431342
74.0000000	-0.1375569
75.0000000	-0.1638816
76.0000000	-0.2301070
77.0000000	-0.3182318
78.0000000	-0.3912545
79.0000000	-0.4141740
80.0000000	-0.3604888
81.0000000	-0.3421977
82.0000000	-0.3832993
83.0000000	-0.4152923
84.0000000	-0.5721754
85.0000000	-0.6349473
86.0000000	-0.6196065
87.0000000	-0.5841519
88.0000000	-0.5055821
89.0000000	-0.4128957
90.0000000	-0.4100915
91.0000000	-0.4686680
92.0000000	-0.6516241
93.0000000	-0.7639583
94.0000000	-0.8686694
95.0000000	-0.9122559
96.0000000	-0.9542167
97.0000000	-0.9555502
98.0000000	-0.8967555
99.0000000	-0.8528308
100.0000000	-0.7862750
101.0000000	-0.6895868
102.0000000	-0.5892648
103.0000000	-0.4393078
104.0000000	-0.2197144
105.0000000	-0.0379832
106.0000000	-0.0281130
107.0000000	-0.1041024
108.0000000	-0.1574501
109.0000000	-0.2071547
110.0000000	-0.1997150
111.0000000	-0.1426296
112.0000000	-0.1248973
113.0000000	-0.1660166
114.0000000	-0.2469862
115.0000000	-0.3513048
116.0000000	-0.4339713
117.0000000	-0.5284840
118.0000000	-0.6203417
119.0000000	-0.6765432
120.0000000	-0.7685872
121.0000000	-0.8394722
122.0000000	-0.9541970
123.0000000	-0.9447601
124.0000000	-0.9361605
125.0000000	-0.9913965
126.0000000	-1.0254670
127.0000000	-0.9808706
128.0000000	-0.9866061
129.0000000	-1.0206721
130.0000000	-0.9430671
131.0000000	-0.8607901
132.0000000	-0.8333395
133.0000000	-0.8377142
134.0000000	-0.7154127
135.0000000	-0.6234337
136.0000000	-0.5222760
137.0000000	-0.4789381
138.0000000	-0.4659188
139.0000000	-0.5917167
140.0000000	-0.7053306
141.0000000	-0.7062591
142.0000000	-0.6915008
143.0000000	-0.7110544
144.0000000	-0.7069187
145.0000000	-0.6670923
146.0000000	-0.6930738
147.0000000	-0.6583620
148.0000000	-0.6434554
149.0000000	-0.7123530
150.0000000	-0.7420531
151.0000000	-0.7340546
152.0000000	-0.6763562
153.0000000	-0.6854564
154.0000000	-0.7508541
155.0000000	-0.7205477
156.0000000	-0.6825360
157.0000000	-0.6363178
158.0000000	-0.5943918
159.0000000	-0.6517564
160.0000000	-0.6629104
161.0000000	-0.6253525
162.0000000	-0.6425815
163.0000000	-0.6980959
164.0000000	-0.7553944
165.0000000	-0.7039757
166.0000000	-0.6383385
167.0000000	-0.5169814
168.0000000	-0.4224033
169.0000000	-0.4411026
170.0000000	-0.5105781
171.0000000	-0.5533284
172.0000000	-0.4853523
173.0000000	-0.4671484
174.0000000	-0.5452153
175.0000000	-0.5590519
176.0000000	-0.5101568
177.0000000	-0.5140285
178.0000000	-0.4686658
179.0000000	-0.4690673
180.0000000	-0.5832318
181.0000000	-0.6821580
182.0000000	-0.8998443
183.0000000	-1.0682897
184.0000000	-1.0809928
185.0000000	-1.0259521
186.0000000	-1.0256665
187.0000000	-1.0666344
188.0000000	-1.0653546
189.0000000	-1.0308261
190.0000000	-1.0655474
191.0000000	-1.1535169
192.0000000	-1.2222331
193.0000000	-1.1721955
194.0000000	-1.0794020
195.0000000	-0.9808515
196.0000000	-0.9160432
197.0000000	-0.8599749
198.0000000	-0.8276459
199.0000000	-0.8105547
200.0000000	-0.7472000
201.0000000	-0.7080803
202.0000000	-0.6766943
203.0000000	-0.6960411
204.0000000	-0.7856188
205.0000000	-0.8129267
206.0000000	-0.7794628
207.0000000	-0.7317261
208.0000000	-0.6942152
209.0000000	-0.6814287
210.0000000	-0.6938657
211.0000000	-0.6795246
212.0000000	-0.6759040
213.0000000	-0.6925026
214.0000000	-0.6613192
215.0000000	-0.6318522
216.0000000	-0.7276005
217.0000000	-0.8460629
218.0000000	-0.9402378
219.0000000	-0.9826241
220.0000000	-0.9772203
221.0000000	-0.9990250
222.0000000	-1.0500371
223.0000000	-1.0087554
224.0000000	-0.9391782
225.0000000	-0.9403045
226.0000000	-0.9041324
227.0000000	-0.8781612
228.0000000	-0.8483896
229.0000000	-0.9483161
230.0000000	-1.1489390
231.0000000	-1.2102573
232.0000000	-1.0697698
233.0000000	-1.1014752
234.0000000	-1.1623720
235.0000000	-1.2414585
236.0000000	-1.2302339
237.0000000	-1.1511971
238.0000000	-1.0708464
239.0000000	-1.1001803
240.0000000	-1.2221976
241.0000000	-1.2843972
242.0000000	-1.2667776
243.0000000	-1.3108372
244.0000000	-1.3345755
245.0000000	-1.2629909
246.0000000	-1.3250811
247.0000000	-1.5068459
248.0000000	-1.6832835
249.0000000	-1.7988925
250.0000000	-1.8471719
251.0000000	-1.7846203
252.0000000	-1.6277364
253.0000000	-1.5005180
254.0000000	-1.4669654
255.0000000	-1.4770761
256.0000000	-1.4303491
257.0000000	-1.3362827
258.0000000	-1.2793763
259.0000000	-1.2976282
260.0000000	-1.2930375
261.0000000	-1.3666019
262.0000000	-1.4388211
263.0000000	-1.3931931
264.0000000	-1.3947164
265.0000000	-1.4563907
266.0000000	-1.4632134
267.0000000	-1.4061844
268.0000000	-1.2823017
269.0000000	-1.2590638
270.0000000	-1.3214697
271.0000000	-1.3730181
272.0000000	-1.4137080
273.0000000	-1.4331271
274.0000000	-1.4648173
275.0000000	-1.5063654
276.0000000	-1.5162710
277.0000000	-1.4975340
278.0000000	-1.5416505
279.0000000	-1.5391217
280.0000000	-1.4264447
281.0000000	-1.2991184
282.0000000	-1.1976420
283.0000000	-1.1640145
284.0000000	-1.1622329
285.0000000	-1.1602977
286.0000000	-1.1247070
287.0000000	-1.0839584
288.0000000	-1.0735522
289.0000000	-1.1109860
290.0000000	-1.1412592
291.0000000	-1.1583698
292.0000000	-1.2358168
293.0000000	-1.3055994
294.0000000	-1.2932153
295.0000000	-1.2071632
296.0000000	-1.1864423
297.0000000	-1.2215517
298.0000000	-1.2209892
299.0000000	-1.2282541
300.0000000	-1.2643448
301.0000000	-1.2502596
302.0000000	-1.3089977
303.0000000	-1.4010577
304.0000000	-1.4779380
305.0000000	-1.4776377
306.0000000	-1.4621547
307.0000000	-1.4699885
308.0000000	-1.4926380
309.0000000	-1.5391009
310.0000000	-1.6458768
311.0000000	-1.7124633
312.0000000	-1.6793597
313.0000000	-1.6225651
314.0000000	-1.5600776
315.0000000	-1.5173963
316.0000000	-1.5565192
317.0000000	-1.7044454
318.0000000	-1.7681742
319.0000000	-1.7592027
320.0000000	-1.7640307
321.0000000	-1.7766574
322.0000000	-1.7940801
323.0000000	-1.9187985
324.0000000	-2.0138102
325.0000000	-1.9831152
326.0000000	-1.9557118
327.0000000	-2.0565977
328.0000000	-2.1597722
329.0000000	-2.2272347
330.0000000	-2.2504830
331.0000000	-2.2455164
332.0000000	-2.2953328
333.0000000	-2.3309307
334.0000000	-2.3278108
335.0000000	-2.1539689
336.0000000	-1.9429066
337.0000000	-1.9276205
338.0000000	-2.0106095
339.0000000	-2.0538726
340.0000000	-2.0779088
341.0000000	-2.0342166
342.0000000	-2.0152936
343.0000000	-2.0756408
344.0000000	-2.1622546
345.0000000	-2.0971351
346.0000000	-2.0607810
347.0000000	-2.1226891
348.0000000	-2.1388599
349.0000000	-2.1207924
350.0000000	-2.1264831
351.0000000	-2.1884327
352.0000000	-2.2501404
353.0000000	-2.3166022
354.0000000	-2.3023180
355.0000000	-2.2962881
356.0000000	-2.3125081
357.0000000	-2.3509798
358.0000000	-2.3967004
359.0000000	-2.3551690
360.0000000	-2.3388836
361.0000000	-2.4423424
362.0000000	-2.6305452
363.0000000	-2.8634916
364.0000000	-2.9376778
365.0000000	-2.9241033
366.0000000	-2.8887679
367.0000000	-2.8626693
368.0000000	-2.8378069
369.0000000	-2.9496783
370.0000000	-3.0987834
371.0000000	-3.2491198
372.0000000	-3.4086864
373.0000000	-3.5344827
374.0000000	-3.5000072
375.0000000	-3.2397564
376.0000000	-3.0212328
377.0000000	-2.8574316
378.0000000	-2.7328544
379.0000000	-2.6044968
380.0000000	-2.5148597
381.0000000	-2.4164405
382.0000000	-2.3027393
383.0000000	-2.2107536
384.0000000	-2.1714831
385.0000000	-2.3324248
386.0000000	-2.5455793
387.0000000	-2.7484435
388.0000000	-2.8195170
389.0000000	-2.8187989
390.0000000	-2.7412877
391.0000000	-2.6239808
392.0000000	-2.5958796
393.0000000	-2.6604788
394.0000000	-2.8507809
395.0000000	-2.7132820
396.0000000	-2.6854817
397.0000000	-2.6378792
398.0000000	-2.7619729
399.0000000	-3.0047611
400.0000000	-3.0952424
401.0000000	-3.0349158
402.0000000	-3.0562809
403.0000000	-3.1528342
404.0000000	-3.1635760
405.0000000	-3.0590052
406.0000000	-2.9771178
407.0000000	-3.0764172
408.0000000	-3.2653969
409.0000000	-3.1765591
410.0000000	-3.1234009
411.0000000	-3.0954222
412.0000000	-2.9466206
413.0000000	-2.7934957
414.0000000	-2.8510444
415.0000000	-3.0762681
416.0000000	-3.2106634
417.0000000	-3.1437286
418.0000000	-3.2069645
419.0000000	-3.3638677
420.0000000	-3.3804386
421.0000000	-3.3941748
422.0000000	-3.4315757
423.0000000	-3.2901377
424.0000000	-2.9688629
425.0000000	-2.8562482
426.0000000	-2.9082917
427.0000000	-2.8609931
428.0000000	-2.8038515
429.0000000	-2.8883635
430.0000000	-3.0180300
431.0000000	-3.1373490
432.0000000	-3.2678185
433.0000000	-3.4819377
434.0000000	-3.6032047
435.0000000	-3.5236195
436.0000000	-3.5756802
437.0000000	-3.7748847
438.0000000	-4.0112328
439.0000000	-3.9747229
440.0000000	-3.6798523
441.0000000	-3.3761209
442.0000000	-3.2255271
443.0000000	-3.1585706
444.0000000	-3.1962481
445.0000000	-3.5115604
446.0000000	-3.9935043
447.0000000	-4.3970795
448.0000000	-4.5142854
449.0000000	-4.3451189
450.0000000	-4.3820789
451.0000000	-4.6131650
452.0000000	-4.4728775
453.0000000	-4.0812110
454.0000000	-3.9901673
455.0000000	-3.9212435
456.0000000	-3.9124393
457.0000000	-4.0882536
458.0000000	-4.1011834
459.0000000	-3.8567288
460.0000000	-3.5518878
461.0000000	-3.4381595
462.0000000	-3.8515428
463.0000000	-4.3305363
464.0000000	-4.3726372
465.0000000	-4.2318466
466.0000000	-4.1926616
467.0000000	-4.0310808
468.0000000	-3.5366031
469.0000000	-3.2182290
470.0000000	-3.1714541
471.0000000	-3.3102787
472.0000000	-3.6512010
473.0000000	-3.9322206
474.0000000	-4.0883345
475.0000000	-4.0835441
476.0000000	-4.4298452
477.0000000	-4.7232383
478.0000000	-4.4637210
479.0000000	-4.2222930
480.0000000	-4.2804519
481.0000000	-4.3341965
482.0000000	-4.1545273
483.0000000	-4.3234408
484.0000000	-4.6659356
485.0000000	-5.0800119
486.0000000	-5.5441678
487.0000000	-5.7939006
488.0000000	-5.9577125
489.0000000	-6.3055980
490.0000000	-6.5045576
491.0000000	-6.4770923
492.0000000	-6.1886960
493.0000000	-6.1378711
494.0000000	-6.4986149
495.0000000	-6.4149264
496.0000000	-5.4923034
497.0000000	-4.2817461
498.0000000	-3.6167512
499.0000000	-3.6363193
500.0000000	-3.6654488
