0.000000	-6.751011e-003	
1.000000	-6.751520e-003	
2.000000	-6.751909e-003	
3.000000	-6.752023e-003	
4.000000	-6.751904e-003	
5.000000	-6.752333e-003	
6.000000	-6.752722e-003	
7.000000	-6.753067e-003	
8.000000	-6.752741e-003	
9.000000	-6.752944e-003	
10.000000	-6.753127e-003	
11.000000	-6.753489e-003	
12.000000	-6.753359e-003	
13.000000	-6.753079e-003	
14.000000	-6.753242e-003	
15.000000	-6.753892e-003	
16.000000	-6.754086e-003	
17.000000	-6.753749e-003	
18.000000	-6.753528e-003	
19.000000	-6.753718e-003	
20.000000	-6.754010e-003	
21.000000	-6.753964e-003	
22.000000	-6.754327e-003	
23.000000	-6.753969e-003	
24.000000	-6.754037e-003	
25.000000	-6.753879e-003	
26.000000	-6.754116e-003	
27.000000	-6.754430e-003	
28.000000	-6.753908e-003	
29.000000	-6.754399e-003	
30.000000	-6.754264e-003	
31.000000	-6.754592e-003	
32.000000	-6.755199e-003	
33.000000	-6.755061e-003	
34.000000	-6.754950e-003	
35.000000	-6.755190e-003	
36.000000	-6.754855e-003	
37.000000	-6.754437e-003	
38.000000	-6.754346e-003	
39.000000	-6.754496e-003	
40.000000	-6.754441e-003	
41.000000	-6.754354e-003	
42.000000	-6.754604e-003	
43.000000	-6.754598e-003	
44.000000	-6.754851e-003	
45.000000	-6.755235e-003	
46.000000	-6.755121e-003	
47.000000	-6.755058e-003	
48.000000	-6.755089e-003	
49.000000	-6.754840e-003	
50.000000	-6.754957e-003	
51.000000	-6.755009e-003	
52.000000	-6.754919e-003	
53.000000	-6.754891e-003	
54.000000	-6.754851e-003	
55.000000	-6.755194e-003	
56.000000	-6.755267e-003	
57.000000	-6.755598e-003	
58.000000	-6.755503e-003	
59.000000	-6.755400e-003	
60.000000	-6.755345e-003	
61.000000	-6.755034e-003	
62.000000	-6.755041e-003	
63.000000	-6.755148e-003	
64.000000	-6.755312e-003	
65.000000	-6.755704e-003	
66.000000	-6.755667e-003	
67.000000	-6.755628e-003	
68.000000	-6.755868e-003	
69.000000	-6.756011e-003	
70.000000	-6.756071e-003	
71.000000	-6.755933e-003	
72.000000	-6.756229e-003	
73.000000	-6.756062e-003	
74.000000	-6.756157e-003	
75.000000	-6.756293e-003	
76.000000	-6.756293e-003	
77.000000	-6.756391e-003	
78.000000	-6.756198e-003	
79.000000	-6.756102e-003	
80.000000	-6.755775e-003	
81.000000	-6.755827e-003	
82.000000	-6.756032e-003	
83.000000	-6.756280e-003	
84.000000	-6.756684e-003	
85.000000	-6.756489e-003	
86.000000	-6.756317e-003	
87.000000	-6.756277e-003	
88.000000	-6.756464e-003	
89.000000	-6.756716e-003	
90.000000	-6.758022e-003	
91.000000	-6.758747e-003	
92.000000	-6.756495e-003	
93.000000	-6.756366e-003	
94.000000	-6.756462e-003	
95.000000	-6.756769e-003	
96.000000	-6.756756e-003	
97.000000	-6.756489e-003	
98.000000	-6.756538e-003	
99.000000	-6.756573e-003	
100.000000	-6.756919e-003	
101.000000	-6.756749e-003	
102.000000	-6.756658e-003	
103.000000	-6.757002e-003	
104.000000	-6.757381e-003	
105.000000	-6.757112e-003	
106.000000	-6.756921e-003	
107.000000	-6.756763e-003	
108.000000	-6.756788e-003	
109.000000	-6.756901e-003	
110.000000	-6.757032e-003	
111.000000	-6.757314e-003	
112.000000	-6.757289e-003	
113.000000	-6.757079e-003	
114.000000	-6.757498e-003	
115.000000	-6.757496e-003	
116.000000	-6.757712e-003	
117.000000	-6.757736e-003	
118.000000	-6.757728e-003	
119.000000	-6.757841e-003	
120.000000	-6.757392e-003	
121.000000	-6.757315e-003	
122.000000	-6.757102e-003	
123.000000	-6.757127e-003	
124.000000	-6.757154e-003	
125.000000	-6.757323e-003	
126.000000	-6.757413e-003	
127.000000	-6.757539e-003	
128.000000	-6.757724e-003	
129.000000	-6.757626e-003	
130.000000	-6.757695e-003	
131.000000	-6.757767e-003	
132.000000	-6.757834e-003	
133.000000	-6.757833e-003	
134.000000	-6.758107e-003	
135.000000	-6.758237e-003	
136.000000	-6.758157e-003	
137.000000	-6.758306e-003	
138.000000	-6.758263e-003	
139.000000	-6.758036e-003	
140.000000	-6.757967e-003	
141.000000	-6.757922e-003	
142.000000	-6.758089e-003	
143.000000	-6.758437e-003	
144.000000	-6.758470e-003	
145.000000	-6.758368e-003	
146.000000	-6.758420e-003	
147.000000	-6.758341e-003	
148.000000	-6.758588e-003	
149.000000	-6.758744e-003	
150.000000	-6.757484e-003	
151.000000	-6.756729e-003	
152.000000	-6.759075e-003	
153.000000	-6.759046e-003	
154.000000	-6.759026e-003	
155.000000	-6.758801e-003	
156.000000	-6.758600e-003	
157.000000	-6.758652e-003	
158.000000	-6.758483e-003	
159.000000	-6.758491e-003	
160.000000	-6.758429e-003	
161.000000	-6.758511e-003	
162.000000	-6.758641e-003	
163.000000	-6.759069e-003	
164.000000	-6.759026e-003	
165.000000	-6.758952e-003	
166.000000	-6.758977e-003	
167.000000	-6.758831e-003	
168.000000	-6.759038e-003	
169.000000	-6.759142e-003	
170.000000	-6.759283e-003	
171.000000	-6.759493e-003	
172.000000	-6.759687e-003	
173.000000	-6.759573e-003	
174.000000	-6.758975e-003	
175.000000	-6.759077e-003	
176.000000	-6.759068e-003	
177.000000	-6.759310e-003	
178.000000	-6.759394e-003	
179.000000	-6.759313e-003	
180.000000	-6.759331e-003	
181.000000	-6.759305e-003	
182.000000	-6.759318e-003	
183.000000	-6.759247e-003	
184.000000	-6.759152e-003	
185.000000	-6.759151e-003	
186.000000	-6.759798e-003	
187.000000	-6.760258e-003	
188.000000	-6.760307e-003	
189.000000	-6.760275e-003	
190.000000	-6.760204e-003	
191.000000	-6.760351e-003	
192.000000	-6.760286e-003	
193.000000	-6.760316e-003	
194.000000	-6.760356e-003	
195.000000	-6.760515e-003	
196.000000	-6.760275e-003	
197.000000	-6.760497e-003	
198.000000	-6.760428e-003	
199.000000	-6.760560e-003	
200.000000	-6.760562e-003	
201.000000	-6.760734e-003	
202.000000	-6.760845e-003	
203.000000	-6.761061e-003	
204.000000	-6.761050e-003	
205.000000	-6.760860e-003	
206.000000	-6.761243e-003	
207.000000	-6.761198e-003	
208.000000	-6.761149e-003	
209.000000	-6.761502e-003	
210.000000	-6.761344e-003	
211.000000	-6.761092e-003	
212.000000	-6.761166e-003	
213.000000	-6.761530e-003	
214.000000	-6.761529e-003	
215.000000	-6.761648e-003	
216.000000	-6.761712e-003	
217.000000	-6.761687e-003	
218.000000	-6.761384e-003	
219.000000	-6.761672e-003	
220.000000	-6.761701e-003	
221.000000	-6.761640e-003	
222.000000	-6.761588e-003	
223.000000	-6.761855e-003	
224.000000	-6.761733e-003	
225.000000	-6.762099e-003	
226.000000	-6.762004e-003	
227.000000	-6.762088e-003	
228.000000	-6.761905e-003	
229.000000	-6.762461e-003	
230.000000	-6.762454e-003	
231.000000	-6.762048e-003	
232.000000	-6.762267e-003	
233.000000	-6.762089e-003	
234.000000	-6.762188e-003	
235.000000	-6.762078e-003	
236.000000	-6.762221e-003	
237.000000	-6.761964e-003	
238.000000	-6.762217e-003	
239.000000	-6.761963e-003	
