
28/02/2013 at 17:01
No ref/gravity correction
817.099976
-1.000000
1001
-500.0000000	1.8439488
-499.0000000	1.8311528
-498.0000000	1.8709176
-497.0000000	1.8512449
-496.0000000	1.7784703
-495.0000000	1.6248423
-494.0000000	1.4410310
-493.0000000	1.3029548
-492.0000000	1.1906127
-491.0000000	1.1880916
-490.0000000	1.1450575
-489.0000000	1.1006809
-488.0000000	1.1835453
-487.0000000	1.3506516
-486.0000000	1.4627506
-485.0000000	1.4754280
-484.0000000	1.4409360
-483.0000000	1.3551913
-482.0000000	1.1870264
-481.0000000	1.0779469
-480.0000000	1.1045350
-479.0000000	1.1514596
-478.0000000	1.1893878
-477.0000000	1.1930715
-476.0000000	1.1827623
-475.0000000	1.1505443
-474.0000000	1.0597508
-473.0000000	1.0264711
-472.0000000	1.0388676
-471.0000000	1.1063620
-470.0000000	1.1959538
-469.0000000	1.1767277
-468.0000000	1.1821031
-467.0000000	1.2189964
-466.0000000	1.1522447
-465.0000000	1.1175133
-464.0000000	1.1483881
-463.0000000	1.1315358
-462.0000000	1.1183769
-461.0000000	1.1488260
-460.0000000	1.1512214
-459.0000000	1.0456457
-458.0000000	0.9526828
-457.0000000	0.9150862
-456.0000000	0.8662727
-455.0000000	0.7829100
-454.0000000	0.7228341
-453.0000000	0.7164610
-452.0000000	0.7150429
-451.0000000	0.6957492
-450.0000000	0.6850802
-449.0000000	0.7410347
-448.0000000	0.7821180
-447.0000000	0.6377457
-446.0000000	0.5632539
-445.0000000	0.5769765
-444.0000000	0.6316651
-443.0000000	0.6805707
-442.0000000	0.7513601
-441.0000000	0.8322870
-440.0000000	0.9106842
-439.0000000	0.9527224
-438.0000000	0.9588988
-437.0000000	0.9234689
-436.0000000	0.8135970
-435.0000000	0.7250373
-434.0000000	0.6835392
-433.0000000	0.6850205
-432.0000000	0.6684846
-431.0000000	0.6725985
-430.0000000	0.7246968
-429.0000000	0.7761139
-428.0000000	0.8280175
-427.0000000	0.8067432
-426.0000000	0.7507083
-425.0000000	0.7090818
-424.0000000	0.6229460
-423.0000000	0.5265553
-422.0000000	0.4962414
-421.0000000	0.5245086
-420.0000000	0.5887724
-419.0000000	0.6406180
-418.0000000	0.8288820
-417.0000000	0.7927286
-416.0000000	0.5369133
-415.0000000	0.6392686
-414.0000000	0.6911283
-413.0000000	0.6130794
-412.0000000	0.5640377
-411.0000000	0.5525057
-410.0000000	0.5120679
-409.0000000	0.4187254
-408.0000000	0.3788973
-407.0000000	0.4304171
-406.0000000	0.4614516
-405.0000000	0.4396708
-404.0000000	0.3988263
-403.0000000	0.3447514
-402.0000000	0.2745309
-401.0000000	0.2240836
-400.0000000	0.2926605
-399.0000000	0.4040948
-398.0000000	0.5233901
-397.0000000	0.6243798
-396.0000000	0.6078152
-395.0000000	0.5431149
-394.0000000	0.5519469
-393.0000000	0.6013127
-392.0000000	0.5742119
-391.0000000	0.5464813
-390.0000000	0.5272868
-389.0000000	0.4939658
-388.0000000	0.4793507
-387.0000000	0.4503601
-386.0000000	0.3675787
-385.0000000	0.2870078
-384.0000000	0.2702321
-383.0000000	0.2233371
-382.0000000	0.1450719
-381.0000000	0.0664409
-380.0000000	0.0314421
-379.0000000	0.0902468
-378.0000000	0.1700204
-377.0000000	0.2176819
-376.0000000	0.2441492
-375.0000000	0.1982571
-374.0000000	0.1733402
-373.0000000	0.1665664
-372.0000000	0.0857702
-371.0000000	-0.0775468
-370.0000000	-0.2272165
-369.0000000	-0.3311551
-368.0000000	-0.4082770
-367.0000000	-0.4385804
-366.0000000	-0.3759819
-365.0000000	-0.2658965
-364.0000000	-0.2045725
-363.0000000	-0.1048423
-362.0000000	-0.0042044
-361.0000000	0.0666756
-360.0000000	0.1638828
-359.0000000	0.2850857
-358.0000000	0.3933671
-357.0000000	0.4292305
-356.0000000	0.4225925
-355.0000000	0.3930377
-354.0000000	0.3216517
-353.0000000	0.2670186
-352.0000000	0.2643900
-351.0000000	0.2329333
-350.0000000	0.2524833
-349.0000000	0.3199585
-348.0000000	0.3687768
-347.0000000	0.4048554
-346.0000000	0.3860305
-345.0000000	0.3663848
-344.0000000	0.4087549
-343.0000000	0.4526404
-342.0000000	0.4885438
-341.0000000	0.5386329
-340.0000000	0.5802418
-339.0000000	0.5755390
-338.0000000	0.5519425
-337.0000000	0.5096196
-336.0000000	0.4566565
-335.0000000	0.3941359
-334.0000000	0.2811440
-333.0000000	0.1672643
-332.0000000	0.0645826
-331.0000000	-0.0219837
-330.0000000	-0.0721004
-329.0000000	-0.1008485
-328.0000000	-0.1311445
-327.0000000	-0.1456525
-326.0000000	-0.1121223
-325.0000000	-0.1107184
-324.0000000	-0.1511899
-323.0000000	-0.1649519
-322.0000000	-0.1800035
-321.0000000	-0.2090096
-320.0000000	-0.2808861
-319.0000000	-0.3762974
-318.0000000	-0.3925764
-317.0000000	-0.3223878
-316.0000000	-0.2791476
-315.0000000	-0.2313536
-314.0000000	-0.1844222
-313.0000000	-0.1728515
-312.0000000	-0.1653899
-311.0000000	-0.1139529
-310.0000000	-0.0406234
-309.0000000	0.0365177
-308.0000000	0.1143877
-307.0000000	0.2024054
-306.0000000	0.2683217
-305.0000000	0.3369711
-304.0000000	0.4036876
-303.0000000	0.4483078
-302.0000000	0.5020808
-301.0000000	0.5523429
-300.0000000	0.5625114
-299.0000000	0.5002542
-298.0000000	0.4232391
-297.0000000	0.2975517
-296.0000000	0.2073591
-295.0000000	0.1979134
-294.0000000	0.1977986
-293.0000000	0.1740990
-292.0000000	0.2021500
-291.0000000	0.2074533
-290.0000000	0.1259258
-289.0000000	0.0138198
-288.0000000	-0.0201975
-287.0000000	-0.0961251
-286.0000000	-0.1571269
-285.0000000	-0.1967023
-284.0000000	-0.2404333
-283.0000000	-0.2470689
-282.0000000	-0.2730241
-281.0000000	-0.3175481
-280.0000000	-0.2790556
-279.0000000	-0.2116286
-278.0000000	-0.1795158
-277.0000000	-0.1375499
-276.0000000	-0.0872286
-275.0000000	-0.0359679
-274.0000000	0.0386501
-273.0000000	0.0942941
-272.0000000	0.1704575
-271.0000000	0.2988516
-270.0000000	0.3756363
-269.0000000	0.3786468
-268.0000000	0.3375517
-267.0000000	0.2611008
-266.0000000	0.2745469
-265.0000000	0.3316403
-264.0000000	0.2921332
-263.0000000	0.2676927
-262.0000000	0.2699042
-261.0000000	0.2339356
-260.0000000	0.1707873
-259.0000000	0.1478787
-258.0000000	0.1322098
-257.0000000	0.0533662
-256.0000000	0.0293489
-255.0000000	0.0016592
-254.0000000	-0.0035348
-253.0000000	0.0204349
-252.0000000	0.0205694
-251.0000000	-0.0269632
-250.0000000	-0.0529948
-249.0000000	-0.1528577
-248.0000000	-0.2294667
-247.0000000	-0.1906542
-246.0000000	-0.1128353
-245.0000000	-0.0612595
-244.0000000	0.0028256
-243.0000000	0.0506711
-242.0000000	0.0266110
-241.0000000	-0.0170193
-240.0000000	-0.0043856
-239.0000000	-0.0275698
-238.0000000	-0.0714038
-237.0000000	-0.0650528
-236.0000000	-0.0953493
-235.0000000	-0.0953749
-234.0000000	-0.0781282
-233.0000000	-0.1461081
-232.0000000	-0.1769802
-231.0000000	-0.1903261
-230.0000000	-0.1977278
-229.0000000	-0.1737675
-228.0000000	-0.1801937
-227.0000000	-0.2580886
-226.0000000	-0.3019509
-225.0000000	-0.2917790
-224.0000000	-0.2604053
-223.0000000	-0.1937447
-222.0000000	-0.1491294
-221.0000000	-0.1495583
-220.0000000	-0.1467797
-219.0000000	-0.1843759
-218.0000000	-0.2248456
-217.0000000	-0.1658539
-216.0000000	-0.0573161
-215.0000000	0.0409356
-214.0000000	0.0493190
-213.0000000	-0.0302473
-212.0000000	-0.0196795
-211.0000000	0.0461078
-210.0000000	0.0681157
-209.0000000	0.0599290
-208.0000000	0.1066317
-207.0000000	0.2328093
-206.0000000	0.3024626
-205.0000000	0.2468434
-204.0000000	0.1727856
-203.0000000	0.1785410
-202.0000000	0.1673610
-201.0000000	0.1304136
-200.0000000	0.1091166
-199.0000000	0.1636382
-198.0000000	0.2120626
-197.0000000	0.1887251
-196.0000000	0.1505432
-195.0000000	0.0826851
-194.0000000	0.0510688
-193.0000000	0.0679454
-192.0000000	0.0932332
-191.0000000	0.1082666
-190.0000000	0.1148806
-189.0000000	0.1441596
-188.0000000	0.1930213
-187.0000000	0.2345511
-186.0000000	0.2578330
-185.0000000	0.2411186
-184.0000000	0.1905759
-183.0000000	0.1582064
-182.0000000	0.1902610
-181.0000000	0.2147413
-180.0000000	0.1658985
-179.0000000	0.0570672
-178.0000000	0.0032492
-177.0000000	0.0065285
-176.0000000	0.0639067
-175.0000000	0.1533020
-174.0000000	0.1492154
-173.0000000	0.1404818
-172.0000000	0.1551022
-171.0000000	0.1450785
-170.0000000	0.1027448
-169.0000000	0.0882691
-168.0000000	0.1178200
-167.0000000	0.1175648
-166.0000000	0.1286718
-165.0000000	0.0874758
-164.0000000	0.0479776
-163.0000000	0.0792625
-162.0000000	0.1224149
-161.0000000	0.2161859
-160.0000000	0.2952437
-159.0000000	0.3618397
-158.0000000	0.3447250
-157.0000000	0.2936512
-156.0000000	0.2283694
-155.0000000	0.1720477
-154.0000000	0.1150207
-153.0000000	-0.0924602
-152.0000000	-0.2221438
-151.0000000	-0.1783620
-150.0000000	-0.1306969
-149.0000000	-0.0911470
-148.0000000	-0.0548780
-147.0000000	-0.0623048
-146.0000000	-0.0960929
-145.0000000	-0.1170745
-144.0000000	-0.0814980
-143.0000000	-0.0508622
-142.0000000	-0.0507492
-141.0000000	-0.0410743
-140.0000000	-0.0390027
-139.0000000	-0.0879500
-138.0000000	-0.0936646
-137.0000000	-0.0248118
-136.0000000	0.0378593
-135.0000000	0.1320170
-134.0000000	0.2146626
-133.0000000	0.2294642
-132.0000000	0.1958396
-131.0000000	0.1397901
-130.0000000	0.1362339
-129.0000000	0.2029221
-128.0000000	0.2050228
-127.0000000	0.1404540
-126.0000000	0.1249670
-125.0000000	0.1503131
-124.0000000	0.0854105
-123.0000000	-0.0525732
-122.0000000	-0.1443030
-121.0000000	-0.1801111
-120.0000000	-0.1361628
-119.0000000	-0.1316234
-118.0000000	-0.1709082
-117.0000000	-0.1301827
-116.0000000	-0.1279455
-115.0000000	-0.2057784
-114.0000000	-0.2446805
-113.0000000	-0.2038167
-112.0000000	-0.0901027
-111.0000000	0.0508797
-110.0000000	0.1557150
-109.0000000	0.1896547
-108.0000000	0.1784501
-107.0000000	0.1756857
-106.0000000	0.2081963
-105.0000000	0.2040666
-104.0000000	0.1611311
-103.0000000	0.1606412
-102.0000000	0.1466816
-101.0000000	0.0693368
-100.0000000	-0.0058917
-99.0000000	-0.0834192
-98.0000000	-0.0959112
-97.0000000	-0.0463664
-96.0000000	-0.0615334
-95.0000000	-0.1219107
-94.0000000	-0.1741640
-93.0000000	-0.1377917
-92.0000000	-0.1262926
-91.0000000	-0.1929987
-90.0000000	-0.1723252
-89.0000000	-0.1401876
-88.0000000	-0.1415845
-87.0000000	-0.0962647
-86.0000000	-0.0483102
-85.0000000	-0.0467193
-84.0000000	-0.0819079
-83.0000000	-0.1408744
-82.0000000	-0.1953674
-81.0000000	-0.2573856
-80.0000000	-0.2702613
-79.0000000	-0.2232426
-78.0000000	-0.1784956
-77.0000000	-0.1938516
-76.0000000	-0.2588097
-75.0000000	-0.3502017
-74.0000000	-0.3881098
-73.0000000	-0.3986991
-72.0000000	-0.4196352
-71.0000000	-0.3514166
-70.0000000	-0.2095420
-69.0000000	-0.1034267
-68.0000000	-0.0368197
-67.0000000	-0.0038026
-66.0000000	0.0437092
-65.0000000	0.0793000
-64.0000000	0.1269717
-63.0000000	0.2103083
-62.0000000	0.2626451
-61.0000000	0.3164829
-60.0000000	0.3848234
-59.0000000	0.4178344
-58.0000000	0.4510172
-57.0000000	0.5162899
-56.0000000	0.5302372
-55.0000000	0.5727769
-54.0000000	0.6342438
-53.0000000	0.6125558
-52.0000000	0.5907976
-51.0000000	0.6168039
-50.0000000	0.5627428
-49.0000000	0.4661152
-48.0000000	0.4242563
-47.0000000	0.3900838
-46.0000000	0.3032655
-45.0000000	0.1728865
-44.0000000	0.0709478
-43.0000000	0.0017008
-42.0000000	-0.1011864
-41.0000000	-0.2380460
-40.0000000	-0.3322097
-39.0000000	-0.3814265
-38.0000000	-0.4343616
-37.0000000	-0.4032637
-36.0000000	-0.3909648
-35.0000000	-0.4339636
-34.0000000	-0.4385921
-33.0000000	-0.4327655
-32.0000000	-0.4187327
-31.0000000	-0.3804922
-30.0000000	-0.3536263
-29.0000000	-0.3093833
-28.0000000	-0.2373453
-27.0000000	-0.1619278
-26.0000000	-0.1436295
-25.0000000	-0.1508655
-24.0000000	-0.0660513
-23.0000000	0.0270644
-22.0000000	0.0707330
-21.0000000	0.0841225
-20.0000000	0.1089842
-19.0000000	0.0955693
-18.0000000	0.1036294
-17.0000000	0.0946656
-16.0000000	0.0598459
-15.0000000	0.1055884
-14.0000000	0.1791443
-13.0000000	0.2014318
-12.0000000	0.1620353
-11.0000000	0.1225395
-10.0000000	0.0775293
-9.0000000	0.0546725
-8.0000000	0.0722204
-7.0000000	0.0580909
-6.0000000	0.0290356
-5.0000000	-0.0141110
-4.0000000	-0.0616808
-3.0000000	-0.0804227
-2.0000000	-0.1326685
-1.0000000	-0.0808335
0.0000000	0.0000000
1.0000000	0.0364169
2.0000000	0.1109185
3.0000000	0.1042560
4.0000000	0.0415974
5.0000000	-0.0076391
6.0000000	-0.0755356
7.0000000	-0.1311743
8.0000000	-0.1528870
9.0000000	-0.1106725
10.0000000	-0.0805293
11.0000000	-0.1427062
12.0000000	-0.2273686
13.0000000	-0.3073485
14.0000000	-0.3489777
15.0000000	-0.3250883
16.0000000	-0.3386793
17.0000000	-0.3360823
18.0000000	-0.2975460
19.0000000	-0.2559026
20.0000000	-0.3349842
21.0000000	-0.4061226
22.0000000	-0.4138164
23.0000000	-0.3793977
24.0000000	-0.2981154
25.0000000	-0.2292179
26.0000000	-0.2655372
27.0000000	-0.3648222
28.0000000	-0.4105712
29.0000000	-0.4052834
30.0000000	-0.4145403
31.0000000	-0.4131744
32.0000000	-0.3151007
33.0000000	-0.2118178
34.0000000	-0.1483246
35.0000000	-0.0880364
36.0000000	-0.0695351
37.0000000	-0.0593196
38.0000000	-0.0538051
39.0000000	-0.0887401
40.0000000	-0.1210402
41.0000000	-0.1078707
42.0000000	-0.1473136
43.0000000	-0.1797841
44.0000000	-0.2069478
45.0000000	-0.2766365
46.0000000	-0.2822655
47.0000000	-0.2615837
48.0000000	-0.2480896
49.0000000	-0.2205318
50.0000000	-0.2285761
51.0000000	-0.2252206
52.0000000	-0.1730476
53.0000000	-0.1492224
54.0000000	-0.1349939
55.0000000	-0.1246103
56.0000000	-0.1093205
57.0000000	-0.0930400
58.0000000	-0.1027672
59.0000000	-0.0936677
60.0000000	-0.0356567
61.0000000	0.0563504
62.0000000	0.1176049
63.0000000	0.0915249
64.0000000	0.0444451
65.0000000	0.0549499
66.0000000	0.1287909
67.0000000	0.1128026
68.0000000	-0.0144303
69.0000000	-0.1589065
70.0000000	-0.2269580
71.0000000	-0.2837501
72.0000000	-0.3703648
73.0000000	-0.4341342
74.0000000	-0.4863069
75.0000000	-0.5374649
76.0000000	-0.5901903
77.0000000	-0.7043151
78.0000000	-0.7600045
79.0000000	-0.7396740
80.0000000	-0.6749055
81.0000000	-0.6039477
82.0000000	-0.5263826
83.0000000	-0.4677089
84.0000000	-0.5241755
85.0000000	-0.5970305
86.0000000	-0.6123565
87.0000000	-0.5867353
88.0000000	-0.5936654
89.0000000	-0.5703956
90.0000000	-0.5220081
91.0000000	-0.4742514
92.0000000	-0.4298741
93.0000000	-0.4537083
94.0000000	-0.5330027
95.0000000	-0.5433392
96.0000000	-0.4015501
97.0000000	-0.2221336
98.0000000	-0.1571721
99.0000000	-0.0853307
100.0000000	0.0534750
101.0000000	0.1096632
102.0000000	0.0156517
103.0000000	-0.0518912
104.0000000	0.0349523
105.0000000	0.0762668
106.0000000	0.0517203
107.0000000	0.0859809
108.0000000	0.1207999
109.0000000	0.1407619
110.0000000	0.1897850
111.0000000	0.1916204
112.0000000	0.2125194
113.0000000	0.2084001
114.0000000	0.1789305
115.0000000	0.1154451
116.0000000	0.0221955
117.0000000	-0.0700673
118.0000000	-0.1470918
119.0000000	-0.2790433
120.0000000	-0.3826705
121.0000000	-0.4073889
122.0000000	-0.4349469
123.0000000	-0.4928434
124.0000000	-0.5787437
125.0000000	-0.5851465
126.0000000	-0.5143003
127.0000000	-0.4647873
128.0000000	-0.3946062
129.0000000	-0.3605054
130.0000000	-0.3214837
131.0000000	-0.2772901
132.0000000	-0.2839229
133.0000000	-0.2980476
134.0000000	-0.3119960
135.0000000	-0.3145170
136.0000000	-0.2921927
137.0000000	-0.2705214
138.0000000	-0.2923354
139.0000000	-0.3014667
140.0000000	-0.2716639
141.0000000	-0.2394256
142.0000000	-0.2480841
143.0000000	-0.2503877
144.0000000	-0.2740854
145.0000000	-0.2583422
146.0000000	-0.2199905
147.0000000	-0.2476120
148.0000000	-0.2881222
149.0000000	-0.2990197
150.0000000	-0.2946365
151.0000000	-0.2997213
152.0000000	-0.3285229
153.0000000	-0.2827898
154.0000000	-0.2662708
155.0000000	-0.3445477
156.0000000	-0.3313695
157.0000000	-0.3150678
158.0000000	-0.3496417
159.0000000	-0.3858396
160.0000000	-0.3741604
161.0000000	-0.2989360
162.0000000	-0.2974148
163.0000000	-0.3543457
164.0000000	-0.3699777
165.0000000	-0.3838923
166.0000000	-0.3440886
167.0000000	-0.3177315
168.0000000	-0.2604033
169.0000000	-0.1457691
170.0000000	-0.0573281
171.0000000	-0.0094117
172.0000000	0.0113143
173.0000000	0.0632683
174.0000000	0.1775346
175.0000000	0.2303647
176.0000000	0.3215099
177.0000000	0.3816382
178.0000000	0.4617509
179.0000000	0.6048494
180.0000000	0.5964349
181.0000000	0.5625921
182.0000000	0.5224057
183.0000000	0.4115436
184.0000000	0.3748406
185.0000000	0.3145479
186.0000000	0.2212503
187.0000000	0.1559489
188.0000000	-0.0262714
189.0000000	-0.1821595
190.0000000	-0.2873806
191.0000000	-0.3680166
192.0000000	-0.3559832
193.0000000	-0.3225287
194.0000000	-0.2579020
195.0000000	-0.2534350
196.0000000	-0.2931265
197.0000000	-0.3206417
198.0000000	-0.4296461
199.0000000	-0.4709715
200.0000000	-0.5213668
201.0000000	-0.4961638
202.0000000	-0.3787778
203.0000000	-0.3825409
204.0000000	-0.4121189
205.0000000	-0.4410933
206.0000000	-0.4847959
207.0000000	-0.5802258
208.0000000	-0.6277152
209.0000000	-0.6017620
210.0000000	-0.6351992
211.0000000	-0.5819412
212.0000000	-0.5500707
213.0000000	-0.5303359
214.0000000	-0.4988190
215.0000000	-0.5216856
216.0000000	-0.4626837
217.0000000	-0.3319795
218.0000000	-0.1957376
219.0000000	-0.0901239
220.0000000	0.0096965
221.0000000	0.1425585
222.0000000	0.2257961
223.0000000	0.2484113
224.0000000	0.1894885
225.0000000	0.2261124
226.0000000	0.2960341
227.0000000	0.2087554
228.0000000	0.1631104
229.0000000	0.0222676
230.0000000	-0.1165221
231.0000000	-0.1665904
232.0000000	-0.1442698
233.0000000	-0.0738086
234.0000000	-0.0640383
235.0000000	-0.0349584
236.0000000	-0.0457341
237.0000000	-0.0766971
238.0000000	-0.0660961
239.0000000	-0.0926801
240.0000000	-0.1341977
241.0000000	-0.1215640
242.0000000	-0.1355274
243.0000000	-0.1780041
244.0000000	-0.2301588
245.0000000	-0.2574905
246.0000000	-0.2971644
247.0000000	-0.3427626
248.0000000	-0.3342833
249.0000000	-0.3429761
250.0000000	-0.4004219
251.0000000	-0.4463703
252.0000000	-0.5084863
253.0000000	-0.5564350
254.0000000	-0.5911316
255.0000000	-0.5478260
256.0000000	-0.4491824
257.0000000	-0.3726999
258.0000000	-0.4267101
259.0000000	-0.3703785
260.0000000	-0.2943709
261.0000000	-0.4061018
262.0000000	-0.5039043
263.0000000	-0.5396929
264.0000000	-0.5568836
265.0000000	-0.5554738
266.0000000	-0.5047137
267.0000000	-0.5261840
268.0000000	-0.5531349
269.0000000	-0.5972307
270.0000000	-0.6582199
271.0000000	-0.6361847
272.0000000	-0.5754576
273.0000000	-0.5122107
274.0000000	-0.4588169
275.0000000	-0.4066155
276.0000000	-0.3261881
277.0000000	-0.2887835
278.0000000	-0.2638172
279.0000000	-0.1662051
280.0000000	-0.0698613
281.0000000	-0.0782853
282.0000000	-0.1152257
283.0000000	-0.1526813
284.0000000	-0.2065661
285.0000000	-0.2350474
286.0000000	-0.2065400
287.0000000	-0.1801252
288.0000000	-0.1732190
289.0000000	-0.1346526
290.0000000	-0.1185090
291.0000000	-0.1238699
292.0000000	-0.1544833
293.0000000	-0.1877660
294.0000000	-0.1985480
295.0000000	-0.1547461
296.0000000	-0.1525260
297.0000000	-0.2043848
298.0000000	-0.2597396
299.0000000	-0.3176708
300.0000000	-0.3605116
301.0000000	-0.3699263
302.0000000	-0.4015811
303.0000000	-0.4628907
304.0000000	-0.4843545
305.0000000	-0.4429704
306.0000000	-0.3891549
307.0000000	-0.4186557
308.0000000	-0.5063048
309.0000000	-0.5652675
310.0000000	-0.6386267
311.0000000	-0.6653801
312.0000000	-0.6571937
313.0000000	-0.6628151
314.0000000	-0.6839944
315.0000000	-0.7314797
316.0000000	-0.7735194
317.0000000	-0.7687790
318.0000000	-0.7757570
319.0000000	-0.7930359
320.0000000	-0.7491140
321.0000000	-0.6715736
322.0000000	-0.6104131
323.0000000	-0.5621316
324.0000000	-0.5463102
325.0000000	-0.5459482
326.0000000	-0.5517946
327.0000000	-0.5628473
328.0000000	-0.5950221
329.0000000	-0.6061512
330.0000000	-0.6033164
331.0000000	-0.6040161
332.0000000	-0.5676657
333.0000000	-0.5724313
334.0000000	-0.6218111
335.0000000	-0.6504696
336.0000000	-0.6443233
337.0000000	-0.6418698
338.0000000	-0.5901924
339.0000000	-0.5200388
340.0000000	-0.4758253
341.0000000	-0.4659666
342.0000000	-0.4865438
343.0000000	-0.4456408
344.0000000	-0.4135880
345.0000000	-0.4193851
346.0000000	-0.4773638
347.0000000	-0.5726061
348.0000000	-0.6270269
349.0000000	-0.6668751
350.0000000	-0.7180665
351.0000000	-0.7150165
352.0000000	-0.6672229
353.0000000	-0.6258518
354.0000000	-0.5785685
355.0000000	-0.5296213
356.0000000	-0.4933421
357.0000000	-0.4839803
358.0000000	-0.4999506
359.0000000	-0.5166687
360.0000000	-0.5238832
361.0000000	-0.4807585
362.0000000	-0.4263789
363.0000000	-0.4274910
364.0000000	-0.4115110
365.0000000	-0.4117696
366.0000000	-0.4768513
367.0000000	-0.5148358
368.0000000	-0.5571398
369.0000000	-0.6020117
370.0000000	-0.5628663
371.0000000	-0.5139525
372.0000000	-0.5732707
373.0000000	-0.6498155
374.0000000	-0.6678397
375.0000000	-0.6708403
376.0000000	-0.6997331
377.0000000	-0.6922640
378.0000000	-0.6739366
379.0000000	-0.6289129
380.0000000	-0.6179426
381.0000000	-0.6571080
382.0000000	-0.7570727
383.0000000	-0.7976707
384.0000000	-0.7902329
385.0000000	-0.7925080
386.0000000	-0.7999950
387.0000000	-0.8005267
388.0000000	-0.8346835
389.0000000	-0.8910485
390.0000000	-0.9207875
391.0000000	-0.9033980
392.0000000	-0.8791287
393.0000000	-0.8424782
394.0000000	-0.8387801
395.0000000	-0.8483654
396.0000000	-0.8490656
397.0000000	-0.8602972
398.0000000	-0.8775565
399.0000000	-0.8815942
400.0000000	-0.8512431
401.0000000	-0.8107491
402.0000000	-0.7890310
403.0000000	-0.7741675
404.0000000	-0.7624093
405.0000000	-0.7380873
406.0000000	-0.6885342
407.0000000	-0.6901669
408.0000000	-0.7376470
409.0000000	-0.7423094
410.0000000	-0.7357354
411.0000000	-0.7257553
412.0000000	-0.6972044
413.0000000	-0.7069957
414.0000000	-0.7372121
415.0000000	-0.7619344
416.0000000	-0.8014133
417.0000000	-0.8653122
418.0000000	-0.9585477
419.0000000	-1.0470343
420.0000000	-1.1083555
421.0000000	-1.1499247
422.0000000	-1.2167417
423.0000000	-1.3068882
424.0000000	-1.3902803
425.0000000	-1.4279151
426.0000000	-1.4224578
427.0000000	-1.3602437
428.0000000	-1.2221848
429.0000000	-1.1346968
430.0000000	-1.1081143
431.0000000	-1.0877657
432.0000000	-1.0745690
433.0000000	-1.1371045
434.0000000	-1.2772056
435.0000000	-1.4137869
436.0000000	-1.4637629
437.0000000	-1.4521357
438.0000000	-1.4048992
439.0000000	-1.3908064
440.0000000	-1.2970190
441.0000000	-1.1391206
442.0000000	-0.9566941
443.0000000	-0.8807369
444.0000000	-0.9304144
445.0000000	-0.9583102
446.0000000	-0.8917541
447.0000000	-0.9162466
448.0000000	-0.9457021
449.0000000	-0.9683682
450.0000000	-0.9914961
451.0000000	-1.0497487
452.0000000	-1.1655437
453.0000000	-1.2711278
454.0000000	-1.3382500
455.0000000	-1.4041605
456.0000000	-1.5025226
457.0000000	-1.5831697
458.0000000	-1.6338498
459.0000000	-1.6781448
460.0000000	-1.7215543
461.0000000	-1.7569100
462.0000000	-1.8090434
463.0000000	-1.8592030
464.0000000	-1.8770548
465.0000000	-1.8945961
466.0000000	-1.8579946
467.0000000	-1.7599972
468.0000000	-1.7313531
469.0000000	-1.7353113
470.0000000	-1.6887034
471.0000000	-1.5736113
472.0000000	-1.4469509
473.0000000	-1.3370536
474.0000000	-1.2600857
475.0000000	-1.3285441
476.0000000	-1.3060118
477.0000000	-1.2849050
478.0000000	-1.3005551
479.0000000	-1.3307927
480.0000000	-1.4982846
481.0000000	-1.7131134
482.0000000	-1.8025263
483.0000000	-1.8951897
484.0000000	-2.0616019
485.0000000	-2.1790950
486.0000000	-2.2045837
487.0000000	-2.1663182
488.0000000	-2.0107122
489.0000000	-1.7238474
490.0000000	-1.5030586
491.0000000	-1.1923406
492.0000000	-0.9397786
493.0000000	-0.9082875
494.0000000	-0.8467816
495.0000000	-0.7268420
496.0000000	-0.6062199
497.0000000	-0.4824127
498.0000000	-0.2761685
499.0000000	-0.0607360
500.0000000	0.0544684
