Dim : 460 X 50 X 50 mm
Scan lenght : 429.5 mm
x(mm)	Slope (urad)
12.5	-4914.0697
12.75	-4908.22005
13	-4902.35501
13.25	-4896.50194
13.5	-4890.66445
13.75	-4884.85173
14	-4879.11878
14.25	-4873.49459
14.5	-4867.85795
14.75	-4862.09389
15	-4856.26246
15.25	-4850.44876
15.5	-4844.66286
15.75	-4838.89629
16	-4833.14113
16.25	-4827.38897
16.5	-4821.62888
16.75	-4815.85459
17	-4810.08105
17.25	-4804.31968
17.5	-4798.54652
17.75	-4792.73831
18	-4786.90981
18.25	-4781.08044
18.5	-4775.25008
18.75	-4769.4227
19	-4763.63789
19.25	-4757.92191
19.5	-4752.21183
19.75	-4746.44075
20	-4740.61517
20.25	-4734.76539
20.5	-4728.94371
20.75	-4723.1818
21	-4717.40695
21.25	-4711.55269
21.5	-4705.68202
21.75	-4699.86619
22	-4694.08009
22.25	-4688.28503
22.5	-4682.48448
22.75	-4676.68612
23	-4670.87253
23.25	-4665.03743
23.5	-4659.2441
23.75	-4653.54033
24	-4647.84205
24.25	-4642.05414
24.5	-4636.16891
24.75	-4630.21585
25	-4624.28563
25.25	-4618.4505
25.5	-4612.64758
25.75	-4606.8044
26	-4600.94508
26.25	-4595.10988
26.5	-4589.30701
26.75	-4583.53523
27	-4577.78772
27.25	-4572.05253
27.5	-4566.30265
27.75	-4560.51737
28	-4554.71602
28.25	-4548.924
28.5	-4543.15099
28.75	-4537.39555
29	-4531.6276
29.25	-4525.82404
29.5	-4520.01845
29.75	-4514.24394
30	-4508.47503
30.25	-4502.6808
30.5	-4496.86717
30.75	-4491.05179
31	-4485.2624
31.25	-4479.51677
31.5	-4473.7827
31.75	-4468.02301
32	-4462.2307
32.25	-4456.41314
32.5	-4450.60499
32.75	-4444.83315
33	-4439.06607
33.25	-4433.27285
33.5	-4427.48362
33.75	-4421.72579
34	-4415.95495
34.25	-4410.12985
34.5	-4404.29383
34.75	-4398.49674
35	-4392.72984
35.25	-4386.97713
35.5	-4381.25191
35.75	-4375.55583
36	-4369.81458
36.25	-4363.96598
36.5	-4358.07234
36.75	-4352.22437
37	-4346.50196
37.25	-4340.93643
37.5	-4335.37575
37.75	-4329.67586
38	-4323.90799
38.25	-4318.16881
38.5	-4312.44149
38.75	-4306.69503
39	-4300.95523
39.25	-4295.24825
39.5	-4289.54488
39.75	-4283.80539
40	-4278.00333
40.25	-4272.13031
40.5	-4266.23679
40.75	-4260.37433
41	-4254.53991
41.25	-4248.72627
41.5	-4242.96387
41.75	-4237.27029
42	-4231.57381
42.25	-4225.81223
42.5	-4220.05064
42.75	-4214.35217
43	-4208.6447
43.25	-4202.85064
43.5	-4197.00594
43.75	-4191.16719
44	-4185.36036
44.25	-4179.59071
44.5	-4173.81133
44.75	-4167.98063
45	-4162.13039
45.25	-4156.30316
45.5	-4150.51123
45.75	-4144.75574
46	-4139.0234
46.25	-4133.29214
46.5	-4127.51903
46.75	-4121.68046
47	-4115.85111
47.25	-4110.0978
47.5	-4104.35764
47.75	-4098.56013
48	-4092.73388
48.25	-4086.92198
48.5	-4081.1262
48.75	-4075.34019
49	-4069.56637
49.25	-4063.80458
49.5	-4058.03564
49.75	-4052.2362
50	-4046.38529
50.25	-4040.48246
50.5	-4034.60698
50.75	-4028.82302
51	-4023.05484
51.25	-4017.22371
51.5	-4011.37895
51.75	-4005.58041
52	-3999.80214
52.25	-3994.00823
52.5	-3988.20876
52.75	-3982.4154
53	-3976.60021
53.25	-3970.74193
53.5	-3964.88562
53.75	-3959.07824
54	-3953.30778
54.25	-3947.5461
54.5	-3941.75917
54.75	-3935.93494
55	-3930.15484
55.25	-3924.47894
55.5	-3918.78823
55.75	-3912.9668
56	-3907.09026
56.25	-3901.25672
56.5	-3895.46299
56.75	-3889.68396
57	-3883.90824
57.25	-3878.12899
57.5	-3872.34396
57.75	-3866.55379
58	-3860.76616
58.25	-3854.98849
58.5	-3849.21992
58.75	-3843.44816
59	-3837.62352
59.25	-3831.71178
59.5	-3825.77809
59.75	-3819.88785
60	-3814.00807
60.25	-3808.1036
60.5	-3802.22926
60.75	-3796.42721
61	-3790.59916
61.25	-3784.66151
61.5	-3778.72998
61.75	-3772.91704
62	-3767.12283
62.25	-3761.24693
62.5	-3755.3991
62.75	-3749.68761
63	-3744.00458
63.25	-3738.22919
63.5	-3732.40491
63.75	-3726.59414
64	-3720.77061
64.25	-3714.90881
64.5	-3709.07502
64.75	-3703.32604
65	-3697.58885
65.25	-3691.79138
65.5	-3685.99515
65.75	-3680.2644
66	-3674.54086
66.25	-3668.75921
66.5	-3662.94858
66.75	-3657.15136
67	-3651.36854
67.25	-3645.58979
67.5	-3639.8008
67.75	-3633.99387
68	-3628.19154
68.25	-3622.41608
68.5	-3616.6585
68.75	-3610.90203
69	-3605.13011
69.25	-3599.33576
69.5	-3593.55008
69.75	-3587.80217
70	-3582.0748
70.25	-3576.34704
70.5	-3570.62924
70.75	-3564.9306
71	-3559.22433
71.25	-3553.48618
71.5	-3547.73803
71.75	-3542.00454
72	-3536.27526
72.25	-3530.53769
72.5	-3524.8061
72.75	-3519.09181
73	-3513.3675
73.25	-3507.60385
73.5	-3501.802
73.75	-3495.9746
74	-3490.14976
74.25	-3484.35442
74.5	-3478.59518
74.75	-3472.86251
75	-3467.10254
75.25	-3461.27278
75.5	-3455.42064
75.75	-3449.59617
76	-3443.77011
76.25	-3437.90961
76.5	-3432.04692
76.75	-3426.21833
77	-3420.41134
77.25	-3414.60712
77.5	-3408.81045
77.75	-3403.02315
78	-3397.21152
78.25	-3391.35194
78.5	-3385.49655
78.75	-3379.6955
79	-3373.91536
79.25	-3368.11703
79.5	-3362.32243
79.75	-3356.55795
80	-3350.80677
80.25	-3345.04645
80.5	-3339.27526
80.75	-3333.49731
81	-3327.71929
81.25	-3321.94507
81.5	-3316.16449
81.75	-3310.36177
82	-3304.51265
82.25	-3298.61004
82.5	-3292.72408
82.75	-3286.9258
83	-3281.21258
83.25	-3275.55425
83.5	-3269.88406
83.75	-3264.14893
84	-3258.38681
84.25	-3252.63844
84.5	-3246.86449
84.75	-3241.03003
85	-3235.19784
85.25	-3229.43478
85.5	-3223.72641
85.75	-3218.03211
86	-3212.28793
86.25	-3206.44944
86.5	-3200.5735
86.75	-3194.73659
87	-3188.9925
87.25	-3183.36186
87.5	-3177.75541
87.75	-3172.08175
88	-3166.35073
88.25	-3160.59417
88.5	-3154.83028
88.75	-3149.06857
89	-3143.29749
89.25	-3137.50249
89.5	-3131.67828
89.75	-3125.83294
90	-3120.01887
90.25	-3114.27837
90.5	-3108.56917
90.75	-3102.83734
91	-3097.06686
91.25	-3091.25389
91.5	-3085.40529
91.75	-3079.54608
92	-3073.76337
92.25	-3068.11602
92.5	-3062.48779
92.75	-3056.76201
93	-3050.99533
93.25	-3045.26204
93.5	-3039.53349
93.75	-3033.76716
94	-3027.96797
94.25	-3022.15162
94.5	-3016.3294
94.75	-3010.50694
95	-3004.67128
95.25	-2998.8141
95.5	-2992.96399
95.75	-2987.15237
96	-2981.3851
96.25	-2975.65372
96.5	-2969.91812
96.75	-2964.1433
97	-2958.34636
97.25	-2952.55404
97.5	-2946.77942
97.75	-2941.02614
98	-2935.27372
98.25	-2929.50041
98.5	-2923.7036
98.75	-2917.88656
99	-2912.05697
99.25	-2906.22954
99.5	-2900.44245
99.75	-2894.71925
100	-2889.00143
100.25	-2883.23699
100.5	-2877.48193
100.75	-2871.78903
101	-2866.0902
101.25	-2860.31953
101.5	-2854.54075
101.75	-2848.81616
102	-2843.07276
102.25	-2837.2424
102.5	-2831.41162
102.75	-2825.66912
103	-2819.95735
103.25	-2814.20726
103.5	-2808.44998
103.75	-2802.72318
104	-2796.99053
104.25	-2791.21297
104.5	-2785.41461
104.75	-2779.62723
105	-2773.84992
105.25	-2768.06759
105.5	-2762.241
105.75	-2756.34901
106	-2750.46714
106.25	-2744.67424
106.5	-2738.96578
106.75	-2733.30673
107	-2727.62338
107.25	-2721.85515
107.5	-2716.03245
107.75	-2710.20154
108	-2704.38088
108.25	-2698.58013
108.5	-2692.80161
108.75	-2687.04464
109	-2681.30407
109.25	-2675.57779
109.5	-2669.88048
109.75	-2664.21343
110	-2658.50766
110.25	-2652.70648
110.5	-2646.87257
110.75	-2641.07046
111	-2635.25277
111.25	-2629.37005
111.5	-2623.47669
111.75	-2617.63665
112	-2611.84848
112.25	-2606.09061
112.5	-2600.32644
112.75	-2594.53052
113	-2588.73694
113.25	-2582.9797
113.5	-2577.23282
113.75	-2571.46783
114	-2565.70639
114.25	-2559.96286
114.5	-2554.17248
114.75	-2548.28341
115	-2542.37472
115.25	-2536.52807
115.5	-2530.70447
115.75	-2524.86257
116	-2519.07195
116.25	-2513.38912
116.5	-2507.70701
116.75	-2501.92044
117	-2496.09514
117.25	-2490.31687
117.5	-2484.58045
117.75	-2478.86073
118	-2473.14376
118.25	-2467.41542
118.5	-2461.64958
118.75	-2455.83532
119	-2450.03437
119.25	-2444.29479
119.5	-2438.5372
119.75	-2432.68771
120	-2426.82179
120.25	-2421.01848
120.5	-2415.22186
120.75	-2409.37709
121	-2403.56864
121.25	-2397.87609
121.5	-2392.21993
121.75	-2386.50988
122	-2380.77147
122.25	-2375.03888
122.5	-2369.26504
122.75	-2363.40928
123	-2357.53776
123.25	-2351.72009
123.5	-2345.93271
123.75	-2340.13454
124	-2334.30749
124.25	-2328.44842
124.5	-2322.59089
124.75	-2316.77064
125	-2310.99528
125.25	-2305.26041
125.5	-2299.54166
125.75	-2293.81333
126	-2288.06434
126.25	-2282.29038
126.5	-2276.49944
126.75	-2270.70296
127	-2264.91353
127.25	-2259.14276
127.5	-2253.39679
127.75	-2247.66936
128	-2241.90966
128.25	-2236.07847
128.5	-2230.22716
128.75	-2224.41346
129	-2218.62989
129.25	-2212.85851
129.5	-2207.10476
129.75	-2201.36709
130	-2195.59273
130.25	-2189.74748
130.5	-2183.92273
130.75	-2178.20008
131	-2172.4964
131.25	-2166.71942
131.5	-2160.90509
131.75	-2155.10781
132	-2149.32748
132.25	-2143.55639
132.5	-2137.811
132.75	-2132.09986
133	-2126.37585
133.25	-2120.591
133.5	-2114.74979
133.75	-2108.86859
134	-2102.95884
134.25	-2097.03974
134.5	-2091.16626
134.75	-2085.3842
135	-2079.66677
135.25	-2073.96911
135.5	-2068.24667
135.75	-2062.473
136	-2056.69354
136.25	-2050.95456
136.5	-2045.23355
136.75	-2039.49525
137	-2033.72202
137.25	-2027.90901
137.5	-2022.08471
137.75	-2016.28201
138	-2010.51813
138.25	-2004.79626
138.5	-1999.0793
138.75	-1993.32592
139	-1987.51813
139.25	-1981.65677
139.5	-1975.7945
139.75	-1969.98207
140	-1964.21084
140.25	-1958.46261
140.5	-1952.74042
140.75	-1947.03921
141	-1941.30019
141.25	-1935.47943
141.5	-1929.64606
141.75	-1923.86794
142	-1918.0949
142.25	-1912.27026
142.5	-1906.42941
142.75	-1900.6206
143	-1894.85126
143.25	-1889.11524
143.5	-1883.39283
143.75	-1877.66056
144	-1871.89349
144.25	-1866.07437
144.5	-1860.21811
144.75	-1854.35653
145	-1848.55696
145.25	-1842.86234
145.5	-1837.18256
145.75	-1831.42999
146	-1825.65973
146.25	-1819.9339
146.5	-1814.1998
146.75	-1808.40132
147	-1802.58372
147.25	-1796.7985
147.5	-1791.02104
147.75	-1785.22227
148	-1779.43136
148.25	-1773.67797
148.5	-1767.93541
148.75	-1762.17108
149	-1756.38502
149.25	-1750.59026
149.5	-1744.81895
149.75	-1739.09765
150	-1733.41123
150.25	-1727.73043
150.5	-1722.01105
150.75	-1716.22696
151	-1710.439
151.25	-1704.69949
151.5	-1698.93956
151.75	-1693.09475
152	-1687.23938
152.25	-1681.45974
152.5	-1675.75124
152.75	-1670.08251
153	-1664.40591
153.25	-1658.67578
153.5	-1652.87062
153.75	-1646.99121
154	-1641.10352
154.25	-1635.27343
154.5	-1629.50116
154.75	-1623.76456
155	-1618.01743
155.25	-1612.22181
155.5	-1606.39666
155.75	-1600.57212
156	-1594.76599
156.25	-1588.98767
156.5	-1583.22506
156.75	-1577.46016
157	-1571.67267
157.25	-1565.85045
157.5	-1560.0161
157.75	-1554.20194
158	-1548.4443
158.25	-1542.75705
158.5	-1537.06017
158.75	-1531.28379
159	-1525.4925
159.25	-1519.75961
159.5	-1514.05874
159.75	-1508.3403
160	-1502.5615
160.25	-1496.70072
160.5	-1490.81431
160.75	-1484.9645
161	-1479.15911
161.25	-1473.39144
161.5	-1467.65119
161.75	-1461.92574
162	-1456.1967
162.25	-1450.44618
162.5	-1444.66409
162.75	-1438.84823
163	-1433.02029
163.25	-1427.20126
163.5	-1421.38554
163.75	-1415.56742
164	-1409.76743
164.25	-1404.00382
164.5	-1398.25945
164.75	-1392.51139
165	-1386.74911
165.25	-1380.97027
165.5	-1375.19325
165.75	-1369.43784
166	-1363.70908
166.25	-1357.99736
166.5	-1352.24927
166.75	-1346.42902
167	-1340.61497
167.25	-1334.87903
167.5	-1329.15329
167.75	-1323.36107
168	-1317.53055
168.25	-1311.70513
168.5	-1305.88447
168.75	-1300.06741
169	-1294.29344
169.25	-1288.59145
169.5	-1282.90731
169.75	-1277.1861
170	-1271.4528
170.25	-1265.7351
170.5	-1259.99178
170.75	-1254.18442
171	-1248.35481
171.25	-1242.55015
171.5	-1236.75906
171.75	-1230.96116
172	-1225.15855
172.25	-1219.35148
172.5	-1213.51045
172.75	-1207.61725
173	-1201.72869
173.25	-1195.90585
173.5	-1190.15186
173.75	-1184.44775
174	-1178.74409
174.25	-1172.99632
174.5	-1167.20982
174.75	-1161.40328
175	-1155.59865
175.25	-1149.81512
175.5	-1144.05762
175.75	-1138.32464
176	-1132.60314
176.25	-1126.88028
176.5	-1121.15562
176.75	-1115.42786
177	-1109.67974
177.25	-1103.89997
177.5	-1098.11697
177.75	-1092.35707
178	-1086.59854
178.25	-1080.81561
178.5	-1075.01441
178.75	-1069.20739
179	-1063.40026
179.25	-1057.59698
179.5	-1051.80125
179.75	-1046.01032
180	-1040.19591
180.25	-1034.34205
180.5	-1028.50742
180.75	-1022.74603
181	-1017.01858
181.25	-1011.27637
181.5	-1005.52642
181.75	-999.77758
182	-993.99044
182.25	-988.13512
182.5	-982.26837
182.75	-976.44659
183	-970.63828
183.25	-964.80584
183.5	-958.97504
183.75	-953.17624
184	-947.39477
184.25	-941.61461
184.5	-935.8592
184.75	-930.14356
185	-924.40966
185.25	-918.61182
185.5	-912.82705
185.75	-907.12844
186	-901.45089
186.25	-895.71795
186.5	-889.94611
186.75	-884.16303
187	-878.34822
187.25	-872.48708
187.5	-866.63682
187.75	-860.84874
188	-855.07884
188.25	-849.28056
188.5	-843.49257
188.75	-837.75803
189	-832.05306
189.25	-826.34351
189.5	-820.62135
189.75	-814.88506
190	-809.13315
190.25	-803.36544
190.5	-797.587
190.75	-791.80311
191	-786.01452
191.25	-780.21886
191.5	-774.40565
191.75	-768.57464
192	-762.77468
192.25	-757.04427
192.5	-751.3314
192.75	-745.57998
193	-739.80808
193.25	-734.04106
193.5	-728.25928
193.75	-722.44001
194	-716.59311
194.25	-710.74323
194.5	-704.94152
194.75	-699.21607
195	-693.4763
195.25	-687.64119
195.5	-681.78677
195.75	-676.00053
196	-670.25865
196.25	-664.51965
196.5	-658.7827
196.75	-653.05342
197	-647.32249
197.25	-641.57418
197.5	-635.78195
197.75	-629.93446
198	-624.09187
198.25	-618.31014
198.5	-612.55666
198.75	-606.78948
199	-601.01787
199.25	-595.26032
199.5	-589.52106
199.75	-583.79216
200	-578.0314
200.25	-572.20976
200.5	-566.38535
200.75	-560.60825
201	-554.80929
201.25	-548.92971
201.5	-543.07149
201.75	-537.33537
202	-531.65642
202.25	-525.94912
202.5	-520.21128
202.75	-514.45801
203	-508.6902
203.25	-502.90423
203.5	-497.09262
203.75	-491.25509
204	-485.42404
204.25	-479.62598
204.5	-473.83116
204.75	-468.01136
205	-462.20068
205.25	-456.43162
205.5	-450.66802
205.75	-444.87281
206	-439.07415
206.25	-433.30588
206.5	-427.55953
206.75	-421.81234
207	-416.02687
207.25	-410.18171
207.5	-404.33428
207.75	-398.54379
208	-392.79751
208.25	-387.06698
208.5	-381.33255
208.75	-375.58207
209	-369.82453
209.25	-364.06623
209.5	-358.28156
209.75	-352.45304
210	-346.62786
210.25	-340.85218
210.5	-335.10358
210.75	-329.34759
211	-323.57031
211.25	-317.7673
211.5	-311.95157
211.75	-306.13905
212	-300.33997
212.25	-294.56048
212.5	-288.79617
212.75	-283.04337
213	-277.31193
213.25	-271.60282
213.5	-265.86778
213.75	-260.07001
214	-254.26761
214.25	-248.5161
214.5	-242.76578
214.75	-236.96103
215	-231.12783
215.25	-225.30621
215.5	-219.51059
215.75	-213.74528
216	-207.99987
216.25	-202.26036
216.5	-196.51322
216.75	-190.7467
217	-184.95561
217.25	-179.14367
217.5	-173.3437
217.75	-167.58528
218	-161.85605
218.25	-156.13518
218.5	-150.40994
218.75	-144.67425
219	-138.94041
219.25	-133.22231
219.5	-127.52162
219.75	-121.82817
220	-116.09652
220.25	-110.28713
220.5	-104.41928
220.75	-98.53011
221	-92.66944
221.25	-86.87313
221.5	-81.10858
221.75	-75.33692
222	-69.56263
222.25	-63.79757
222.5	-58.03975
222.75	-52.28504
223	-46.53465
223.25	-40.79019
223.5	-35.04955
223.75	-29.30645
224	-23.54185
224.25	-17.74246
224.5	-11.93097
224.75	-6.13184
225	-0.34069
225.25	5.4535
225.5	11.25962
225.75	17.07979
226	22.89102
226.25	28.67075
226.5	34.42316
226.75	40.16141
227	45.90786
227.25	51.67895
227.5	57.45814
227.75	63.22808
228	69.00123
228.25	74.7882
228.5	80.56249
228.75	86.30269
229	92.04504
229.25	97.82383
229.5	103.60805
229.75	109.36537
230	115.12355
230.25	120.90874
230.5	126.68061
230.75	132.39816
231	138.08429
231.25	143.7765
231.5	149.50691
231.75	155.29543
232	161.11872
232.25	166.94882
232.5	172.78263
232.75	178.61852
233	184.43591
233.25	190.222
233.5	196.01399
233.75	201.83733
234	207.62051
234.25	213.30201
234.5	218.95722
234.75	224.6689
235	230.41236
235.25	236.14589
235.5	241.86733
235.75	247.59069
236	253.35528
236.25	259.18414
236.5	265.01001
236.75	270.77059
237	276.51378
237.25	282.29718
237.5	288.10707
237.75	293.91578
238	299.71145
238.25	305.49021
238.5	311.26464
238.75	317.04763
239	322.83695
239.25	328.6259
239.5	334.40485
239.75	340.16435
240	345.89832
240.25	351.6079
240.5	357.31963
240.75	363.05939
241	368.825
241.25	374.61343
241.5	380.44642
241.75	386.32696
242	392.15849
242.25	397.86689
242.5	403.56763
242.75	409.37538
243	415.21212
243.25	420.99017
243.5	426.77601
243.75	432.63463
244	438.47079
244.25	444.19144
244.5	449.87243
244.75	455.60841
245	461.40028
245.25	467.22044
245.5	473.02105
245.75	478.76957
246	484.51497
246.25	490.3029
246.5	496.08425
246.75	501.80894
247	507.51771
247.25	513.26194
247.5	519.04483
247.75	524.85264
248	530.65183
248.25	536.41908
248.5	542.19165
248.75	548.00797
249	553.85059
249.25	559.68999
249.5	565.50447
249.75	571.28112
250	577.03435
250.25	582.78459
250.5	588.54914
250.75	594.33714
251	600.12842
251.25	605.90405
251.5	611.67961
251.75	617.4712
252	623.26278
252.25	629.03676
252.5	634.80153
252.75	640.57565
253	646.39239
253.25	652.26676
253.5	658.12613
253.75	663.90248
254	669.63386
254.25	675.37519
254.5	681.14271
254.75	686.93608
255	692.72732
255.25	698.49485
255.5	704.27017
255.75	710.08305
256	715.90318
256.25	721.69198
256.5	727.43803
256.75	733.14257
257	738.83054
257.25	744.52724
257.5	750.2358
257.75	755.96144
258	761.73995
258.25	767.59054
258.5	773.43556
258.75	779.20866
259	784.98534
259.25	790.83962
259.5	796.69758
259.75	802.47847
260	808.22223
260.25	813.9871
260.5	819.78401
260.75	825.60665
261	831.42705
261.25	837.22005
261.5	842.99338
261.75	848.75831
262	854.50739
262.25	860.23787
262.5	865.98445
262.75	871.77845
263	877.60015
263.25	883.42384
263.5	889.25091
263.75	895.07759
264	900.85239
264.25	906.53698
264.5	912.19345
264.75	917.88653
265	923.59118
265.25	929.28023
265.5	935.00777
265.75	940.82421
266	946.68385
266.25	952.53049
266.5	958.3621
266.75	964.1815
267	969.95684
267.25	975.66717
267.5	981.37004
267.75	987.11786
268	992.86404
268.25	998.56366
268.5	1004.27753
268.75	1010.06748
269	1015.8938
269.25	1021.701
269.5	1027.47215
269.75	1033.21029
270	1038.95985
270.25	1044.7607
270.5	1050.59301
270.75	1056.43026
271	1062.27876
271.25	1068.14609
271.5	1074.01201
271.75	1079.85311
272	1085.66109
272.25	1091.43718
272.5	1097.20566
272.75	1102.985
273	1108.74726
273.25	1114.47049
273.5	1120.20279
273.75	1125.99144
274	1131.81038
274.25	1137.62532
274.5	1143.44257
274.75	1149.26946
275	1155.07686
275.25	1160.84341
275.5	1166.61526
275.75	1172.43265
276	1178.24471
276.25	1183.99641
276.5	1189.70731
276.75	1195.41118
277	1201.12434
277.25	1206.85467
277.5	1212.59397
277.75	1218.33439
278	1224.08556
278.25	1229.85683
278.5	1235.63902
278.75	1241.42207
279	1247.21086
279.25	1253.00551
279.5	1258.77213
279.75	1264.49119
280	1270.23454
280.25	1276.06665
280.5	1281.93099
280.75	1287.76117
281	1293.5725
281.25	1299.39174
281.5	1305.20972
281.75	1311.01255
282	1316.80343
282.25	1322.5882
282.5	1328.36611
282.75	1334.13845
283	1339.92138
283.25	1345.72492
283.5	1351.51992
283.75	1357.28114
284	1363.03829
284.25	1368.81938
284.5	1374.59075
284.75	1380.32003
285	1386.04159
285.25	1391.79445
285.5	1397.56941
285.75	1403.34753
286	1409.11902
286.25	1414.88356
286.5	1420.66934
286.75	1426.49743
287	1432.33178
287.25	1438.13181
287.5	1443.8959
287.75	1449.63448
288	1455.36717
288.25	1461.11208
288.5	1466.87212
288.75	1472.64285
289	1478.40552
289.25	1484.14472
289.5	1489.87289
289.75	1495.60699
290	1501.35413
290.25	1507.11784
290.5	1512.89694
290.75	1518.68743
291	1524.47856
291.25	1530.26078
291.5	1536.03598
291.75	1541.80895
292	1547.5846
292.25	1553.36846
292.5	1559.16836
292.75	1564.98747
293	1570.80805
293.25	1576.60952
293.5	1582.38069
293.75	1588.11907
294	1593.84749
294.25	1599.59074
294.5	1605.35614
294.75	1611.14262
295	1616.93284
295.25	1622.71055
295.5	1628.48008
295.75	1634.2413
296	1639.9556
296.25	1645.6025
296.5	1651.27247
296.75	1657.04912
297	1662.8775
297.25	1668.68784
297.5	1674.48979
297.75	1680.30182
298	1686.09838
298.25	1691.86047
298.5	1697.63923
298.75	1703.48404
299	1709.36688
299.25	1715.24662
299.5	1721.10692
299.75	1726.94007
300	1732.74801
300.25	1738.53627
300.5	1744.31502
300.75	1750.09353
301	1755.8731
301.25	1761.65341
301.5	1767.43584
301.75	1773.22239
302	1779.01605
302.25	1784.81858
302.5	1790.6259
302.75	1796.43061
303	1802.2178
303.25	1807.98249
303.5	1813.7668
303.75	1819.6016
304	1825.42572
304.25	1831.18161
304.5	1836.91846
304.75	1842.68886
305	1848.45234
305.25	1854.17208
305.5	1859.91903
305.75	1865.75667
306	1871.61094
306.25	1877.3991
306.5	1883.14146
306.75	1888.8786
307	1894.6293
307.25	1900.40605
307.5	1906.21766
307.75	1912.06031
308	1917.88313
308.25	1923.64658
308.5	1929.40335
308.75	1935.20362
309	1940.99517
309.25	1946.7266
309.5	1952.4521
309.75	1958.23278
310	1964.05185
310.25	1969.87454
310.5	1975.67185
310.75	1981.42881
311	1987.18079
311.25	1992.96212
311.5	1998.7528
311.75	2004.52438
312	2010.2691
312.25	2015.99277
312.5	2021.7349
312.75	2027.52968
313	2033.35646
313.25	2039.18025
313.5	2044.96359
313.75	2050.68609
314	2056.39796
314.25	2062.15377
314.5	2067.95477
314.75	2073.78791
315	2079.63617
315.25	2085.47503
315.5	2091.25392
315.75	2096.94239
316	2102.61639
316.25	2108.35106
316.5	2114.1119
316.75	2119.85743
317	2125.62791
317.25	2131.45813
317.5	2137.27933
317.75	2143.03475
318	2148.81896
318.25	2154.7139
318.5	2160.5993
318.75	2166.35445
319	2172.05908
319.25	2177.81154
319.5	2183.58447
319.75	2189.33678
320	2195.09843
320.25	2200.90196
320.5	2206.71933
320.75	2212.51878
321	2218.31429
321.25	2224.12384
321.5	2229.93567
321.75	2235.73597
322	2241.5325
322.25	2247.33408
322.5	2253.13223
322.75	2258.91287
323	2264.65679
323.25	2270.36244
323.5	2276.10397
323.75	2281.94075
324	2287.79748
324.25	2293.58663
324.5	2299.30669
324.75	2304.98231
325	2310.65682
325.25	2316.37078
325.5	2322.13485
325.75	2327.94346
326	2333.75612
326.25	2339.53814
326.5	2345.31292
326.75	2351.11181
327	2356.93978
327.25	2362.78818
327.5	2368.62041
327.75	2374.40257
328	2380.13984
328.25	2385.85664
328.5	2391.61551
328.75	2397.46195
329	2403.33537
329.25	2409.16431
329.5	2414.94006
329.75	2420.67412
330	2426.3962
330.25	2432.13882
330.5	2437.92752
330.75	2443.77137
331	2449.62077
331.25	2455.42444
331.5	2461.18327
331.75	2466.9093
332	2472.607
332.25	2478.28758
332.5	2483.99662
332.75	2489.77228
333	2495.58866
333.25	2501.41397
333.5	2507.25704
333.75	2513.12458
334	2518.97431
334.25	2524.77
334.5	2530.5488
334.75	2536.34304
335	2542.09241
335.25	2547.74936
335.5	2553.41003
335.75	2559.17051
336	2564.98307
336.25	2570.77682
336.5	2576.53212
336.75	2582.25687
337	2588.01779
337.25	2593.86841
337.5	2599.75044
337.75	2605.59672
338	2611.41628
338.25	2617.22873
338.5	2623.01969
338.75	2628.77741
339	2634.53488
339.25	2640.32802
339.5	2646.15999
339.75	2652.02017
340	2657.87562
340.25	2663.69289
340.5	2669.45875
340.75	2675.17562
341	2680.88829
341.25	2686.6366
341.5	2692.39813
341.75	2698.14494
342	2703.88926
342.25	2709.65357
342.5	2715.46114
342.75	2721.31987
343	2727.1752
343.25	2732.97567
343.5	2738.74462
343.75	2744.51186
344	2750.25838
344.25	2755.96969
344.5	2761.69831
344.75	2767.49268
345	2773.31774
345.25	2779.12314
345.5	2784.88062
345.75	2790.58023
346	2796.26308
346.25	2801.97483
346.5	2807.72847
346.75	2813.52833
347	2819.37672
347.25	2825.2636
347.5	2831.13141
347.75	2836.93409
348	2842.71907
348.25	2848.53488
348.5	2854.34091
348.75	2860.09221
349	2865.81551
349.25	2871.54356
349.5	2877.26142
349.75	2882.95428
350	2888.65549
350.25	2894.39856
350.5	2900.16935
350.75	2905.94685
351	2911.73029
351.25	2917.52108
351.5	2923.30926
351.75	2929.08316
352	2934.83556
352.25	2940.57051
352.5	2946.33265
352.75	2952.15041
353	2957.94696
353.25	2963.65948
353.5	2969.38635
353.75	2975.22504
354	2981.10809
354.25	2986.9534
354.5	2992.78502
354.75	2998.63521
355	3004.46292
355.25	3010.22604
355.5	3015.95153
355.75	3021.67164
356	3027.37076
356.25	3033.03946
356.5	3038.74109
356.75	3044.5315
357	3050.36399
357.25	3056.17842
357.5	3061.96347
357.75	3067.7288
358	3073.51921
358.25	3079.36447
358.5	3085.19923
358.75	3090.96355
359	3096.71425
359.25	3102.50923
359.5	3108.29383
359.75	3114.01392
360	3119.73027
360.25	3125.50832
360.5	3131.31741
360.75	3137.11163
361	3142.88009
361.25	3148.62422
361.5	3154.35972
361.75	3160.10542
362	3165.87836
362.25	3171.68282
362.5	3177.47369
362.75	3183.21149
363	3188.9287
363.25	3194.66948
363.5	3200.45292
363.75	3206.28095
364	3212.11196
364.25	3217.91018
364.5	3223.70663
364.75	3229.53136
365	3235.34378
365.25	3241.10613
365.5	3246.86275
365.75	3252.6568
366	3258.4447
366.25	3264.18138
366.5	3269.90259
366.75	3275.64497
367	3281.36796
367.25	3287.0341
367.5	3292.69542
367.75	3298.41119
368	3304.18015
368.25	3309.97455
368.5	3315.72125
368.75	3321.36885
369	3326.99837
369.25	3332.69277
369.5	3338.41032
369.75	3344.10119
370	3349.80769
370.25	3355.58031
370.5	3361.41006
370.75	3367.26741
371	3373.10003
371.25	3378.87301
371.5	3384.64384
371.75	3390.4697
372	3396.31387
372.25	3402.1334
372.5	3407.95424
372.75	3413.80763
373	3419.67704
373.25	3425.53518
373.5	3431.35943
373.75	3437.13284
374	3442.85626
374.25	3448.54395
374.5	3454.24587
374.75	3459.99926
375	3465.75462
375.25	3471.46588
375.5	3477.18755
375.75	3482.98786
376	3488.8893
376.25	3494.88184
376.5	3500.87122
376.75	3506.77785
377	3512.66525
377.25	3518.59971
377.5	3524.51567
377.75	3530.3426
378	3536.12184
378.25	3541.90436
378.5	3547.66767
378.75	3553.38658
379	3559.09863
379.25	3564.84142
379.5	3570.59013
379.75	3576.30887
380	3581.97976
380.25	3587.61006
380.5	3593.28952
380.75	3599.09003
381	3604.92949
381.25	3610.70888
381.5	3616.41533
381.75	3622.0637
382	3627.69356
382.25	3633.34633
382.5	3639.04625
382.75	3644.8086
383	3650.63025
383.25	3656.49897
383.5	3662.38477
383.75	3668.25641
384	3674.09558
384.25	3679.89301
384.5	3685.66269
384.75	3691.4221
385	3697.17943
385.25	3702.93395
385.5	3708.65856
385.75	3714.33965
386	3720.04404
386.25	3725.82788
386.5	3731.62426
386.75	3737.35743
387	3743.03921
387.25	3748.69866
387.5	3754.34604
387.75	3759.98921
388	3765.6452
388.25	3771.32864
388.5	3777.03537
388.75	3782.76006
389	3788.51159
389.25	3794.30521
389.5	3800.16775
389.75	3806.10225
390	3812.00517
390.25	3817.79143
390.5	3823.55641
390.75	3829.40776
391	3835.32181
391.25	3841.24823
391.5	3847.16117
391.75	3853.05087
392	3858.9473
392.25	3864.87602
392.5	3870.80519
392.75	3876.70168
393	3882.58465
393.25	3888.48059
393.5	3894.39285
393.75	3900.31746
394	3906.24406
394.25	3912.15407
394.5	3918.00247
394.75	3923.76237
395	3929.50606
395.25	3935.31034
395.5	3941.17091
395.75	3947.06352
396	3952.96538
396.25	3958.8486
396.5	3964.66362
396.75	3970.38512
397	3976.10652
397.25	3981.91192
397.5	3987.72933
397.75	3993.4825
398	3999.23438
398.25	4005.0475
398.5	4010.84362
398.75	4016.54661
399	4022.22961
399.25	4027.97797
399.5	4033.7767
399.75	4039.59196
400	4045.41486
400.25	4051.23696
400.5	4057.02656
400.75	4062.76776
401	4068.53112
401.25	4074.37972
401.5	4080.26004
401.75	4086.10656
402	4091.92221
402.25	4097.72505
402.5	4103.52529
402.75	4109.33013
403	4115.1426
403.25	4120.96526
403.5	4126.80308
403.75	4132.66122
404	4138.54322
404.25	4144.44933
404.5	4150.36833
404.75	4156.28043
405	4162.14318
405.25	4167.93089
405.5	4173.70773
405.75	4179.5345
406	4185.36885
406.25	4191.15524
406.5	4196.88868
406.75	4202.58996
407	4208.33245
407.25	4214.17103
407.5	4220.03421
407.75	4225.84435
408	4231.62566
408.25	4237.40851
408.5	4243.14587
408.75	4248.80829
409	4254.51397
409.25	4260.35851
409.5	4266.19961
409.75	4271.90362
410	4277.60931
410.25	4283.45915
410.5	4289.33796
410.75	4295.11177
411	4300.82923
411.25	4306.56194
411.5	4312.29083
411.75	4317.99291
412	4323.72027
412.25	4329.51921
412.5	4335.33788
412.75	4341.12028
413	4346.89206
413.25	4352.68673
413.5	4358.48754
413.75	4364.27813
414	4370.0939
414.25	4375.95906
414.5	4381.80122
414.75	4387.55261
415	4393.26046
415.25	4398.9903
415.5	4404.76588
415.75	4410.58366
416	4416.37277
416.25	4422.07745
416.5	4427.76991
416.75	4433.52635
417	4439.31104
417.25	4445.07452
417.5	4450.82439
417.75	4456.57798
418	4462.33465
418.25	4468.08855
418.5	4473.83101
418.75	4479.56223
419	4485.32083
419.25	4491.13014
419.5	4496.91381
419.75	4502.60738
420	4508.29342
420.25	4514.05173
420.5	4519.80396
420.75	4525.47029
421	4531.12312
421.25	4536.85053
421.5	4542.6513
421.75	4548.49841
422	4554.35112
422.25	4560.17713
422.5	4565.99182
422.75	4571.81436
423	4577.63165
423.25	4583.4233
423.5	4589.172
423.75	4594.87886
424	4600.61571
424.25	4606.44665
424.5	4612.33438
424.75	4618.22537
425	4624.10277
425.25	4629.95622
425.5	4635.76457
425.75	4641.51582
426	4647.24509
426.25	4652.99019
426.5	4658.75258
426.75	4664.52405
427	4670.29434
427.25	4676.06202
427.5	4681.86299
427.75	4687.71833
428	4693.55233
428.25	4699.29923
428.5	4705.02963
428.75	4710.82208
429	4716.65046
429.25	4722.47497
429.5	4728.30575
429.75	4734.15467
430	4739.99053
430.25	4745.78565
430.5	4751.56942
430.75	4757.37451
431	4763.18966
431.25	4768.99237
431.5	4774.7593
431.75	4780.49152
432	4786.28859
432.25	4792.22083
432.5	4798.14322
432.75	4803.91825
433	4809.65393
433.25	4815.47215
433.5	4821.30474
433.75	4827.07351
434	4832.85014
434.25	4838.7103
434.5	4844.59578
434.75	4850.42901
435	4856.18897
435.25	4861.88665
435.5	4867.60457
435.75	4873.40907
436	4879.23013
436.25	4884.99473
436.5	4890.75423
436.75	4896.56115
437	4902.34829
437.25	4908.0556
437.5	4913.77154
437.75	4919.58064
438	4925.40336
438.25	4931.15507
438.5	4936.89485
438.75	4942.68291
439	4948.44056
439.25	4954.09758
439.5	4959.75667
439.75	4965.51909
440	4971.30737
440.25	4977.03489
440.5	4982.75737
440.75	4988.53411
441	4994.29643
441.25	4999.99773
441.5	5005.80771
441.75	5011.61935
442	5016.00239
