average Forward/rotated
24/01/2013 at 14:38
No ref/gravity correction
817.099976
-1.000000
1001
-500.0000000	2.7114492
-499.0000000	2.6023189
-498.0000000	2.7502513
-497.0000000	2.9592449
-496.0000000	3.1803031
-495.0000000	3.2214259
-494.0000000	3.2121150
-493.0000000	3.1783707
-492.0000000	3.1956960
-491.0000000	3.2410913
-490.0000000	3.2720585
-489.0000000	3.3730982
-488.0000000	3.4667114
-487.0000000	3.5244008
-486.0000000	3.4061674
-485.0000000	2.9985118
-484.0000000	2.7949353
-483.0000000	2.9474404
-482.0000000	2.8915268
-481.0000000	2.5501961
-480.0000000	2.4359523
-479.0000000	2.7102919
-478.0000000	2.9772212
-477.0000000	3.4947389
-476.0000000	4.0668453
-475.0000000	4.2510436
-474.0000000	4.2403349
-473.0000000	4.2387200
-472.0000000	4.2442015
-471.0000000	4.0652789
-470.0000000	3.9014537
-469.0000000	4.0257279
-468.0000000	4.3746034
-467.0000000	4.7870804
-466.0000000	4.8791612
-465.0000000	4.6423462
-464.0000000	4.5226377
-463.0000000	4.6195359
-462.0000000	4.5695423
-461.0000000	4.3551603
-460.0000000	4.1918872
-459.0000000	4.0337288
-458.0000000	3.9521832
-457.0000000	3.8152529
-456.0000000	3.6214398
-455.0000000	3.4562433
-454.0000000	3.4181668
-453.0000000	3.2452106
-452.0000000	3.0388765
-451.0000000	3.0611659
-450.0000000	3.3680790
-449.0000000	3.6626191
-448.0000000	3.7807850
-447.0000000	3.9435797
-446.0000000	4.1535041
-445.0000000	3.9810600
-444.0000000	3.7322483
-443.0000000	3.5465701
-442.0000000	3.3265269
-441.0000000	3.3066209
-440.0000000	3.3833520
-439.0000000	3.5322218
-438.0000000	3.6877331
-437.0000000	3.5918851
-436.0000000	3.2946811
-435.0000000	3.2311209
-434.0000000	3.3067055
-433.0000000	3.3729384
-432.0000000	3.3508187
-431.0000000	3.2638491
-430.0000000	3.1365298
-429.0000000	2.9668632
-428.0000000	2.9628519
-427.0000000	3.0479934
-426.0000000	3.1842917
-425.0000000	3.3192485
-424.0000000	3.3138622
-423.0000000	3.2746386
-422.0000000	3.2685747
-421.0000000	3.1646741
-420.0000000	3.0529383
-419.0000000	3.0363683
-418.0000000	2.8959646
-417.0000000	2.7587294
-416.0000000	2.8261629
-415.0000000	2.9627675
-414.0000000	2.9985445
-413.0000000	2.8434959
-412.0000000	2.7091204
-411.0000000	2.6969227
-410.0000000	2.6649010
-409.0000000	2.7610594
-408.0000000	2.9228971
-407.0000000	3.0614159
-406.0000000	3.0216191
-405.0000000	2.8770050
-404.0000000	2.7185763
-403.0000000	2.5563347
-402.0000000	2.4282806
-401.0000000	2.4519165
-400.0000000	2.5682429
-399.0000000	2.6182607
-398.0000000	2.7039733
-397.0000000	2.8773802
-396.0000000	3.0379826
-395.0000000	3.2517819
-394.0000000	3.4352812
-393.0000000	3.4314787
-392.0000000	3.2838783
-391.0000000	3.1744807
-390.0000000	3.0832877
-389.0000000	2.9537991
-388.0000000	2.9215173
-387.0000000	2.9039439
-386.0000000	2.9520782
-385.0000000	3.0359246
-384.0000000	3.0529824
-383.0000000	2.9942533
-382.0000000	2.9162389
-381.0000000	2.8874402
-380.0000000	2.9098592
-379.0000000	2.8274963
-378.0000000	2.6113544
-377.0000000	2.5074322
-376.0000000	2.5617324
-375.0000000	2.6552570
-374.0000000	2.7705074
-373.0000000	2.7669827
-372.0000000	2.7856862
-371.0000000	2.7376204
-370.0000000	2.6297826
-369.0000000	2.5721777
-368.0000000	2.6953070
-367.0000000	2.7066701
-366.0000000	2.5772683
-365.0000000	2.5031038
-364.0000000	2.5796780
-363.0000000	2.6274906
-362.0000000	2.5840450
-361.0000000	2.5208431
-360.0000000	2.3778832
-359.0000000	2.2701690
-358.0000000	2.3122001
-357.0000000	2.3434801
-356.0000000	2.2790084
-355.0000000	2.2087884
-354.0000000	2.1703190
-353.0000000	2.1131015
-352.0000000	2.0386393
-351.0000000	2.0134334
-350.0000000	2.0744840
-349.0000000	2.0692921
-348.0000000	2.0868599
-347.0000000	2.2141884
-346.0000000	2.3427806
-345.0000000	2.4666352
-344.0000000	2.5242550
-343.0000000	2.5576402
-342.0000000	2.4927945
-341.0000000	2.3007161
-340.0000000	2.1579087
-339.0000000	2.1108718
-338.0000000	2.1706093
-337.0000000	2.2266203
-336.0000000	2.2439062
-335.0000000	2.2359696
-334.0000000	2.1743112
-333.0000000	2.1439314
-332.0000000	2.1993331
-331.0000000	2.1760164
-330.0000000	2.1324830
-329.0000000	2.1947354
-328.0000000	2.1752722
-327.0000000	2.1255970
-326.0000000	2.1007113
-325.0000000	2.0776148
-324.0000000	2.1013098
-323.0000000	2.1132975
-322.0000000	2.1580794
-321.0000000	2.1856577
-320.0000000	2.1930316
-319.0000000	2.2082021
-318.0000000	2.2091732
-317.0000000	2.2039457
-316.0000000	2.2700193
-315.0000000	2.2708958
-314.0000000	2.2095780
-313.0000000	2.1915653
-312.0000000	2.1978601
-311.0000000	2.1454634
-310.0000000	2.1078762
-309.0000000	2.1061008
-308.0000000	2.0921382
-307.0000000	2.0529891
-306.0000000	1.9756544
-305.0000000	1.9471373
-304.0000000	2.0529379
-303.0000000	2.0925579
-302.0000000	2.0814977
-301.0000000	2.0287596
-300.0000000	1.9398447
-299.0000000	1.9092543
-298.0000000	1.9199896
-297.0000000	1.8960517
-296.0000000	1.8599429
-295.0000000	1.8756632
-294.0000000	1.8922148
-293.0000000	1.8850986
-292.0000000	1.8378170
-291.0000000	1.7288697
-290.0000000	1.7187590
-289.0000000	1.7174862
-288.0000000	1.7455521
-287.0000000	1.8404586
-286.0000000	1.8937065
-285.0000000	1.9462975
-284.0000000	2.0027333
-283.0000000	1.8900144
-282.0000000	1.7406423
-281.0000000	1.6986183
-280.0000000	1.6494443
-279.0000000	1.6941219
-278.0000000	1.7466504
-277.0000000	1.7655332
-276.0000000	1.7807716
-275.0000000	1.7318650
-274.0000000	1.6473167
-273.0000000	1.6146276
-272.0000000	1.6452077
-271.0000000	1.7100179
-270.0000000	1.6584696
-269.0000000	1.5640637
-268.0000000	1.5468014
-267.0000000	1.5311844
-266.0000000	1.4677138
-265.0000000	1.5163901
-264.0000000	1.5177165
-263.0000000	1.4841927
-262.0000000	1.4953206
-261.0000000	1.4641022
-260.0000000	1.4175373
-259.0000000	1.4266284
-258.0000000	1.4743764
-257.0000000	1.5392827
-256.0000000	1.5948493
-255.0000000	1.5970760
-254.0000000	1.5904653
-253.0000000	1.5510184
-252.0000000	1.5192364
-251.0000000	1.5251198
-250.0000000	1.5336720
-249.0000000	1.4548927
-248.0000000	1.4342835
-247.0000000	1.4903459
-246.0000000	1.5345809
-245.0000000	1.5429906
-244.0000000	1.5790757
-243.0000000	1.5308375
-242.0000000	1.4587775
-241.0000000	1.3808972
-240.0000000	1.3456979
-239.0000000	1.2421805
-238.0000000	1.1683458
-237.0000000	1.1911975
-236.0000000	1.1977341
-235.0000000	1.2469583
-234.0000000	1.1808721
-233.0000000	1.1064751
-232.0000000	1.1147699
-231.0000000	1.1297575
-230.0000000	1.1819390
-229.0000000	1.2238159
-228.0000000	1.2043895
-227.0000000	1.2031614
-226.0000000	1.2086325
-225.0000000	1.2293043
-224.0000000	1.2766783
-223.0000000	1.3152553
-222.0000000	1.3600373
-221.0000000	1.4100250
-220.0000000	1.4362202
-219.0000000	1.4511240
-218.0000000	1.4737380
-217.0000000	1.4755630
-216.0000000	1.5391008
-215.0000000	1.3238521
-214.0000000	1.1253191
-213.0000000	1.2300025
-212.0000000	1.2094039
-211.0000000	1.1470246
-210.0000000	1.1508659
-209.0000000	1.1949289
-208.0000000	1.2147151
-207.0000000	1.2007259
-206.0000000	1.2019627
-205.0000000	1.1964263
-204.0000000	1.0936191
-203.0000000	0.9615412
-202.0000000	0.9416944
-201.0000000	1.0230804
-200.0000000	1.0802000
-199.0000000	1.0980549
-198.0000000	1.0901460
-197.0000000	1.0944749
-196.0000000	1.1355431
-195.0000000	1.1863517
-194.0000000	1.1684020
-193.0000000	1.1511953
-192.0000000	1.1842332
-191.0000000	1.2085167
-190.0000000	1.2120473
-189.0000000	1.2733261
-188.0000000	1.3413549
-187.0000000	1.3181343
-186.0000000	1.3091662
-185.0000000	1.3374520
-184.0000000	1.2804929
-183.0000000	1.2002897
-182.0000000	1.0988444
-181.0000000	1.0711580
-180.0000000	1.0622320
-179.0000000	1.0650674
-178.0000000	0.9841658
-177.0000000	0.8625284
-176.0000000	0.8576569
-175.0000000	0.9300519
-174.0000000	0.9752154
-173.0000000	1.0391483
-172.0000000	1.1423521
-171.0000000	1.2923283
-170.0000000	1.2910780
-169.0000000	1.2466026
-168.0000000	1.2399033
-167.0000000	1.2274816
-166.0000000	1.2588386
-165.0000000	1.2574758
-164.0000000	1.2073944
-163.0000000	1.2410959
-162.0000000	1.3065814
-161.0000000	1.3043527
-160.0000000	1.1784104
-159.0000000	1.1012565
-158.0000000	1.1578918
-157.0000000	1.1533180
-156.0000000	1.0480361
-155.0000000	0.9975477
-154.0000000	1.0588539
-153.0000000	1.0654564
-152.0000000	1.0308562
-151.0000000	1.0680546
-150.0000000	1.0740530
-149.0000000	1.0528531
-148.0000000	1.0924554
-147.0000000	1.0463619
-146.0000000	0.9795738
-145.0000000	1.0105923
-144.0000000	1.0904187
-143.0000000	1.1000544
-142.0000000	1.0720008
-141.0000000	1.0997591
-140.0000000	1.1113306
-139.0000000	1.0082167
-138.0000000	0.9619189
-137.0000000	0.9499382
-136.0000000	0.9762760
-135.0000000	1.0394337
-134.0000000	1.0684126
-133.0000000	1.0382142
-132.0000000	1.0668395
-131.0000000	1.0737902
-130.0000000	1.0105671
-129.0000000	0.9036721
-128.0000000	0.7661061
-127.0000000	0.7848707
-126.0000000	0.9039670
-125.0000000	0.8933964
-124.0000000	0.8086605
-123.0000000	0.7982601
-122.0000000	0.7476969
-121.0000000	0.5624722
-120.0000000	0.6580872
-119.0000000	0.8240433
-118.0000000	0.5743417
-117.0000000	0.4439840
-116.0000000	0.5334713
-115.0000000	0.4623048
-114.0000000	0.4149862
-113.0000000	0.4915166
-112.0000000	0.6273973
-111.0000000	0.6816297
-110.0000000	0.6662150
-109.0000000	0.7066547
-108.0000000	0.8084501
-107.0000000	0.8536023
-106.0000000	0.7776130
-105.0000000	0.6819832
-104.0000000	0.6087144
-103.0000000	0.6403078
-102.0000000	0.5992649
-101.0000000	0.5440868
-100.0000000	0.5642750
-99.0000000	0.6593307
-98.0000000	0.7922554
-97.0000000	0.9655503
-96.0000000	1.0262167
-95.0000000	1.0922559
-94.0000000	1.1011693
-93.0000000	1.0479583
-92.0000000	0.9981240
-91.0000000	0.9596681
-90.0000000	0.9225915
-89.0000000	0.9148957
-88.0000000	0.9170821
-87.0000000	0.9381520
-86.0000000	0.8651065
-85.0000000	0.8044473
-84.0000000	0.6756754
-83.0000000	0.4727923
-82.0000000	0.3642993
-81.0000000	0.3976977
-80.0000000	0.4659888
-79.0000000	0.5106739
-78.0000000	0.4892545
-77.0000000	0.5052318
-76.0000000	0.5851070
-75.0000000	0.6458817
-74.0000000	0.6360569
-73.0000000	0.6551342
-72.0000000	0.7716148
-71.0000000	0.9170001
-70.0000000	0.9732913
-69.0000000	0.9154898
-68.0000000	0.8245970
-67.0000000	0.7981141
-66.0000000	0.8460424
-65.0000000	0.9733834
-64.0000000	1.0621383
-63.0000000	0.9768083
-62.0000000	0.8503950
-61.0000000	0.7523996
-60.0000000	0.6713234
-59.0000000	0.5606677
-58.0000000	0.4379339
-57.0000000	0.3221233
-56.0000000	0.2477372
-55.0000000	0.2492769
-54.0000000	0.2012438
-53.0000000	0.1151391
-52.0000000	0.0469643
-51.0000000	0.0352206
-50.0000000	0.0934094
-49.0000000	0.1795319
-48.0000000	0.2025896
-47.0000000	0.2500837
-46.0000000	0.2365155
-45.0000000	0.2153864
-44.0000000	0.2981978
-43.0000000	0.3904508
-42.0000000	0.4661469
-41.0000000	0.4792874
-40.0000000	0.4093736
-39.0000000	0.3174068
-38.0000000	0.2088884
-37.0000000	0.1988196
-36.0000000	0.2337019
-35.0000000	0.2135364
-34.0000000	0.1493246
-33.0000000	0.1565678
-32.0000000	0.1832673
-31.0000000	0.2569244
-30.0000000	0.3870404
-29.0000000	0.3901167
-28.0000000	0.2811547
-27.0000000	0.1606555
-26.0000000	0.0401205
-25.0000000	-0.0149488
-24.0000000	0.0179487
-23.0000000	0.0913144
-22.0000000	0.1746497
-21.0000000	0.1944559
-20.0000000	0.1657342
-19.0000000	0.1584860
-18.0000000	0.1817127
-17.0000000	0.2309156
-16.0000000	0.2900959
-15.0000000	0.3367551
-14.0000000	0.3363943
-13.0000000	0.3285151
-12.0000000	0.3291186
-11.0000000	0.2972062
-10.0000000	0.1722793
-9.0000000	0.0493391
-8.0000000	0.0498870
-7.0000000	0.0109243
-6.0000000	-0.0210477
-5.0000000	0.0004724
-4.0000000	-0.0110141
-3.0000000	0.0159940
-2.0000000	0.0074982
-1.0000000	0.0254998
0.0000000	0.0430000
1.0000000	0.0405002
2.0000000	0.0650018
3.0000000	0.0860060
4.0000000	0.1030141
5.0000000	0.1060276
6.0000000	0.0330477
7.0000000	-0.0824243
8.0000000	-0.1608870
9.0000000	-0.0223391
10.0000000	0.1572207
11.0000000	0.1912938
12.0000000	0.0178814
13.0000000	-0.1450151
14.0000000	-0.1238943
15.0000000	-0.0457551
16.0000000	-0.0895959
17.0000000	-0.1229156
18.0000000	-0.1362127
19.0000000	-0.1304860
20.0000000	-0.0962342
21.0000000	-0.0909559
22.0000000	-0.0751497
23.0000000	0.0071856
24.0000000	0.0820513
25.0000000	0.1349488
26.0000000	0.1373795
27.0000000	0.0803445
28.0000000	0.0778454
29.0000000	0.0333833
30.0000000	-0.0760404
31.0000000	-0.1819244
32.0000000	-0.2387673
33.0000000	-0.2205678
34.0000000	-0.2063246
35.0000000	-0.2330364
36.0000000	-0.2762019
37.0000000	-0.2178196
38.0000000	-0.1838884
39.0000000	-0.1319068
40.0000000	-0.0558736
41.0000000	0.0857126
42.0000000	0.1638531
43.0000000	0.1935492
44.0000000	0.2348022
45.0000000	0.2081136
46.0000000	0.1134845
47.0000000	0.1394163
48.0000000	0.1884104
49.0000000	0.0714681
50.0000000	-0.0594094
51.0000000	-0.0932206
52.0000000	-0.1269643
53.0000000	-0.2266391
54.0000000	-0.2692437
55.0000000	-0.3407769
56.0000000	-0.4322371
57.0000000	-0.4111233
58.0000000	-0.3644339
59.0000000	-0.3741677
60.0000000	-0.4088234
61.0000000	-0.4678996
62.0000000	-0.5343951
63.0000000	-0.5688084
64.0000000	-0.5816383
65.0000000	-0.6868834
66.0000000	-0.7770424
67.0000000	-0.7621141
68.0000000	-0.7395970
69.0000000	-0.7839899
70.0000000	-0.7927913
71.0000000	-0.7800001
72.0000000	-0.7821148
73.0000000	-0.8211342
74.0000000	-0.8865569
75.0000000	-0.9328817
76.0000000	-0.9241071
77.0000000	-0.8877318
78.0000000	-0.8422545
79.0000000	-0.6941739
80.0000000	-0.4714888
81.0000000	-0.5176977
82.0000000	-0.5612993
83.0000000	-0.5052923
84.0000000	-0.4336754
85.0000000	-0.4859473
86.0000000	-0.5001065
87.0000000	-0.4461519
88.0000000	-0.5000821
89.0000000	-0.6228957
90.0000000	-0.8985915
91.0000000	-1.1866681
92.0000000	-1.1061241
93.0000000	-1.1344583
94.0000000	-1.1536694
95.0000000	-1.0522559
96.0000000	-0.9762166
97.0000000	-0.9740503
98.0000000	-1.0092554
99.0000000	-1.0668308
100.0000000	-1.0717750
101.0000000	-0.9840869
102.0000000	-0.9117649
103.0000000	-0.9163079
104.0000000	-0.9307144
105.0000000	-0.9129832
106.0000000	-0.9461130
107.0000000	-0.9751024
108.0000000	-0.9084500
109.0000000	-0.8341547
110.0000000	-0.7817150
111.0000000	-0.7171297
112.0000000	-0.7043973
113.0000000	-0.6280166
114.0000000	-0.4849862
115.0000000	-0.5023049
116.0000000	-0.5414712
117.0000000	-0.4954839
118.0000000	-0.5133417
119.0000000	-0.6660433
120.0000000	-0.8465872
121.0000000	-0.8619722
122.0000000	-0.8796970
123.0000000	-0.9012602
124.0000000	-0.8491604
125.0000000	-0.8783965
126.0000000	-0.9294671
127.0000000	-0.9808706
128.0000000	-0.9976061
129.0000000	-0.9061721
130.0000000	-0.8500672
131.0000000	-0.8152901
132.0000000	-0.8593395
133.0000000	-0.9282143
134.0000000	-0.9479127
135.0000000	-0.8309337
136.0000000	-0.8232760
137.0000000	-0.9899381
138.0000000	-1.0354188
139.0000000	-1.1042168
140.0000000	-1.0843307
141.0000000	-1.0887590
142.0000000	-1.1620008
143.0000000	-1.1520544
144.0000000	-1.0694187
145.0000000	-1.0175923
146.0000000	-1.0465738
147.0000000	-1.0878620
148.0000000	-1.1214556
149.0000000	-1.0923531
150.0000000	-1.0810531
151.0000000	-1.1300546
152.0000000	-1.1008562
153.0000000	-1.0184564
154.0000000	-1.0438541
155.0000000	-1.1000477
156.0000000	-1.0675360
157.0000000	-1.0123179
158.0000000	-1.0553919
159.0000000	-1.0467565
160.0000000	-0.9694103
161.0000000	-0.9928526
162.0000000	-1.0540814
163.0000000	-1.1005958
164.0000000	-1.1523943
165.0000000	-1.1669757
166.0000000	-1.1973385
167.0000000	-1.2754817
168.0000000	-1.3724032
169.0000000	-1.4631027
170.0000000	-1.5080780
171.0000000	-1.4393284
172.0000000	-1.3498521
173.0000000	-1.2786484
174.0000000	-1.2117154
175.0000000	-1.1890519
176.0000000	-1.1541568
177.0000000	-1.1140283
178.0000000	-1.1261658
179.0000000	-1.2015673
180.0000000	-1.3282318
181.0000000	-1.3336578
182.0000000	-1.2643444
183.0000000	-1.2952897
184.0000000	-1.3764926
185.0000000	-1.3629523
186.0000000	-1.4541664
187.0000000	-1.4666345
188.0000000	-1.4098547
189.0000000	-1.3278262
190.0000000	-1.2960474
191.0000000	-1.3025168
192.0000000	-1.2612331
193.0000000	-1.1481953
194.0000000	-1.1424022
195.0000000	-1.2103516
196.0000000	-1.1685431
197.0000000	-1.1369751
198.0000000	-1.0891460
199.0000000	-0.9835548
200.0000000	-0.8992000
201.0000000	-0.8225804
202.0000000	-0.8691944
203.0000000	-0.9910412
204.0000000	-1.1326189
205.0000000	-1.2554266
206.0000000	-1.2854626
207.0000000	-1.3482260
208.0000000	-1.3722152
209.0000000	-1.3459287
210.0000000	-1.3148657
211.0000000	-1.2845246
212.0000000	-1.3294038
213.0000000	-1.3915024
214.0000000	-1.3493189
215.0000000	-1.3458522
216.0000000	-1.3531007
217.0000000	-1.3335628
218.0000000	-1.3007379
219.0000000	-1.2976239
220.0000000	-1.3202200
221.0000000	-1.2755250
222.0000000	-1.2905371
223.0000000	-1.3047554
224.0000000	-1.2536783
225.0000000	-1.2418041
226.0000000	-1.2531326
227.0000000	-1.3086612
228.0000000	-1.3043894
229.0000000	-1.3583162
230.0000000	-1.4369389
231.0000000	-1.4682575
232.0000000	-1.4737699
233.0000000	-1.4959752
234.0000000	-1.4873715
235.0000000	-1.5394583
236.0000000	-1.6387341
237.0000000	-1.6951972
238.0000000	-1.6973466
239.0000000	-1.6486799
240.0000000	-1.6991978
241.0000000	-1.8013970
242.0000000	-1.8142777
243.0000000	-1.7313375
244.0000000	-1.7535756
245.0000000	-1.7734903
246.0000000	-1.8230813
247.0000000	-1.7848458
248.0000000	-1.7147834
249.0000000	-1.6608925
250.0000000	-1.6416718
251.0000000	-1.6156206
252.0000000	-1.5577357
253.0000000	-1.5320184
254.0000000	-1.5844657
255.0000000	-1.5985761
256.0000000	-1.5793488
257.0000000	-1.4972829
258.0000000	-1.4418766
259.0000000	-1.4366286
260.0000000	-1.5215374
261.0000000	-1.7061023
262.0000000	-1.8053210
263.0000000	-1.8061932
264.0000000	-1.8282162
265.0000000	-1.7708905
266.0000000	-1.7452135
267.0000000	-1.8326848
268.0000000	-1.9163015
269.0000000	-1.9525639
270.0000000	-1.9734697
271.0000000	-2.1330183
272.0000000	-2.2317074
273.0000000	-2.2456271
274.0000000	-2.2573168
275.0000000	-2.3213654
276.0000000	-2.3187712
277.0000000	-2.3330338
278.0000000	-2.3306506
279.0000000	-2.2316218
280.0000000	-2.0724446
281.0000000	-1.9031185
282.0000000	-1.7836425
283.0000000	-1.6915142
284.0000000	-1.6727334
285.0000000	-1.6917976
286.0000000	-1.7062065
287.0000000	-1.7409585
288.0000000	-1.8090520
289.0000000	-1.9454863
290.0000000	-1.9357590
291.0000000	-1.8243697
292.0000000	-1.7653168
293.0000000	-1.6655990
294.0000000	-1.8232150
295.0000000	-1.7761635
296.0000000	-1.6599431
297.0000000	-1.7055519
298.0000000	-1.8424893
299.0000000	-1.9212544
300.0000000	-1.9048444
301.0000000	-2.0167596
302.0000000	-2.1234976
303.0000000	-2.1020574
304.0000000	-2.0534381
305.0000000	-2.0956378
306.0000000	-2.1536549
307.0000000	-2.2234889
308.0000000	-2.1536378
309.0000000	-2.1276014
310.0000000	-2.2288765
311.0000000	-2.3194631
312.0000000	-2.3073600
313.0000000	-2.3255651
314.0000000	-2.3680777
315.0000000	-2.3363961
316.0000000	-2.2910192
317.0000000	-2.2999454
318.0000000	-2.2501736
319.0000000	-2.2187030
320.0000000	-2.2535308
321.0000000	-2.2476561
322.0000000	-2.2675803
323.0000000	-2.3607979
324.0000000	-2.4653102
325.0000000	-2.4451151
326.0000000	-2.3242106
327.0000000	-2.2880973
328.0000000	-2.2617724
329.0000000	-2.2522343
330.0000000	-2.2304835
331.0000000	-2.2050158
332.0000000	-2.2033328
333.0000000	-2.1849308
334.0000000	-2.1928106
335.0000000	-2.2269698
336.0000000	-2.2549059
337.0000000	-2.2371193
338.0000000	-2.2641085
339.0000000	-2.2258726
340.0000000	-2.2799085
341.0000000	-2.3897159
342.0000000	-2.4447941
343.0000000	-2.4986411
344.0000000	-2.5252554
345.0000000	-2.5481353
346.0000000	-2.7052808
347.0000000	-2.7576893
348.0000000	-2.6928598
349.0000000	-2.5597916
350.0000000	-2.4639836
351.0000000	-2.4679327
352.0000000	-2.4521401
353.0000000	-2.4656024
354.0000000	-2.4723181
355.0000000	-2.4672876
356.0000000	-2.4105087
357.0000000	-2.4899807
358.0000000	-2.4607015
359.0000000	-2.3241689
360.0000000	-2.3358824
361.0000000	-2.4103419
362.0000000	-2.4740453
363.0000000	-2.5319906
364.0000000	-2.6826776
365.0000000	-2.7571035
366.0000000	-2.7337672
367.0000000	-2.6896699
368.0000000	-2.5933067
369.0000000	-2.4961785
370.0000000	-2.4392833
371.0000000	-2.3596192
372.0000000	-2.2761867
373.0000000	-2.3164823
374.0000000	-2.3100066
375.0000000	-2.3512571
376.0000000	-2.4597322
377.0000000	-2.5029318
378.0000000	-2.3983541
379.0000000	-2.3114965
380.0000000	-2.3678594
381.0000000	-2.4574408
382.0000000	-2.7047397
383.0000000	-2.8402540
384.0000000	-2.6594821
385.0000000	-2.5159251
386.0000000	-2.5715784
387.0000000	-2.6694431
388.0000000	-2.7265176
389.0000000	-2.7177990
390.0000000	-2.7657876
391.0000000	-2.7339814
392.0000000	-2.6218786
393.0000000	-2.5909788
394.0000000	-2.6642813
395.0000000	-2.7477821
396.0000000	-2.7674824
397.0000000	-2.7783802
398.0000000	-2.8214736
399.0000000	-2.9592613
400.0000000	-2.9572429
401.0000000	-2.7544163
402.0000000	-2.5582807
403.0000000	-2.4618351
404.0000000	-2.5110768
405.0000000	-2.5610041
406.0000000	-2.5446179
407.0000000	-2.4374163
408.0000000	-2.3723972
409.0000000	-2.3550592
410.0000000	-2.3094018
411.0000000	-2.4129223
412.0000000	-2.4221207
413.0000000	-2.4859958
414.0000000	-2.6185444
415.0000000	-2.7257680
416.0000000	-2.7961632
417.0000000	-2.8272289
418.0000000	-2.8834648
419.0000000	-2.9503688
420.0000000	-3.1029394
421.0000000	-3.4836743
422.0000000	-3.7630748
423.0000000	-3.7111382
424.0000000	-3.6348623
425.0000000	-3.5717481
426.0000000	-3.4807919
427.0000000	-3.4894931
428.0000000	-3.5508503
429.0000000	-3.3998638
430.0000000	-3.3855303
431.0000000	-3.5393494
432.0000000	-3.7638188
433.0000000	-3.8334382
434.0000000	-3.7627058
435.0000000	-3.5686206
436.0000000	-3.3956799
437.0000000	-3.3868851
438.0000000	-3.6102328
439.0000000	-3.7102222
440.0000000	-3.5403516
441.0000000	-3.3106206
442.0000000	-3.2465270
443.0000000	-3.3750709
444.0000000	-3.4467487
445.0000000	-3.3910608
446.0000000	-3.3630044
447.0000000	-3.3215790
448.0000000	-3.5387853
449.0000000	-3.6291184
450.0000000	-3.3680790
451.0000000	-3.0341655
452.0000000	-2.7808771
453.0000000	-2.6122112
454.0000000	-2.5546672
455.0000000	-2.6412438
456.0000000	-2.7754392
457.0000000	-2.9337536
458.0000000	-3.1521831
459.0000000	-3.2222282
460.0000000	-3.2593883
461.0000000	-3.4031596
462.0000000	-3.5745424
463.0000000	-3.7660355
464.0000000	-3.9176382
465.0000000	-3.7093457
466.0000000	-3.6461614
467.0000000	-3.9545809
468.0000000	-4.3496038
469.0000000	-4.3772274
470.0000000	-4.0454537
471.0000000	-3.6537779
472.0000000	-3.4322012
473.0000000	-3.3007194
474.0000000	-3.1523346
475.0000000	-3.0315440
476.0000000	-3.0798458
477.0000000	-3.2537378
478.0000000	-3.0427214
479.0000000	-2.6722928
480.0000000	-2.7639524
481.0000000	-3.2256970
482.0000000	-3.4890266
483.0000000	-3.1304400
484.0000000	-2.9709359
485.0000000	-3.0590120
486.0000000	-3.0656675
487.0000000	-3.6104012
488.0000000	-4.3292116
489.0000000	-4.4045980
490.0000000	-4.1345577
491.0000000	-3.9105907
492.0000000	-4.0161964
493.0000000	-4.3078702
494.0000000	-4.5941140
495.0000000	-4.7669257
496.0000000	-4.3673034
497.0000000	-3.1727459
498.0000000	-2.2522521
499.0000000	-2.1173202
500.0000000	-2.0429483
