Plane Mirror M1_1 	
Scan Length = 96 mm	
measurement step = 1mm	
sphere removed R = 19398 m
	x(mm)			Slope (urad)
        802.0000000000000       0.5811070929274686
        803.0000000000000       0.8482950753196129
        804.0000000000000       0.6477604431055356
        805.0000000000000       0.7049289761047253
        806.0000000000000       0.7021228188255438
        807.0000000000000        1.066585581491126
        808.0000000000000       0.8037442272718400
        809.0000000000000       0.7206158441040884
        810.0000000000000       0.6385479269079656
        811.0000000000000       0.5467296832373352
        812.0000000000000       0.5848247299084000
        813.0000000000000       0.4815648779677602
        814.0000000000000       0.5283497851417037
        815.0000000000000       0.1578500248237344
        816.0000000000000      -0.2435944802401252
        817.0000000000000      -0.3610551387985018
        818.0000000000000      -0.5287426446876076
        819.0000000000000      -0.4410565335634178
        820.0000000000000      -0.2211275838975615
        821.0000000000000      -0.1576012221223300
        822.0000000000000      -0.1820239972400555
        823.0000000000000      -0.6370828802793813
        824.0000000000000      -0.9378601073713397
        825.0000000000000       -1.221046513673959
        826.0000000000000       -1.307142711446152
        827.0000000000000       -1.063689795308941
        828.0000000000000      -0.9253546372868631
        829.0000000000000      -0.8219850540061487
        830.0000000000000      -0.9125292483947052
        831.0000000000000       -1.093990394280657
        832.0000000000000       -1.020291506463759
        833.0000000000000      -0.9735090828166815
        834.0000000000000      -0.8137684067396413
        835.0000000000000      -0.7432484333107642
        836.0000000000000      -0.4518982180427960
        837.0000000000000      -0.3648478897962104
        838.0000000000000     -0.02708800799000368
        839.0000000000000       0.2051319161339114
        840.0000000000000       0.4642683044276466
        841.0000000000000       0.1528963517268648
        842.0000000000000     -0.02072429984425796
        843.0000000000000     -0.02734515438906441
        844.0000000000000       0.1747818747038753
        845.0000000000000       0.4131485278202525
        846.0000000000000       0.7699818959545843
        847.0000000000000       0.9704126761982910
        848.0000000000000       0.7652139805305394
        849.0000000000000       0.6153283952143503
        850.0000000000000       0.4190306598330570
        851.0000000000000       0.3670581211947753
        852.0000000000000       0.3778145041288608
        853.0000000000000       0.3892066699405505
        854.0000000000000       0.2624203680016909
        855.0000000000000      0.04556648075348483
        856.0000000000000      -0.1397093623980925
        857.0000000000000      0.07322597561411810
        858.0000000000000     -0.09785154444658800
        859.0000000000000      0.09177092687784559
        860.0000000000000     -0.09668383066175484
        861.0000000000000      -0.1145376772198591
        862.0000000000000      -0.3231263870592110
        863.0000000000000      -0.4764019865470005
        864.0000000000000      -0.2426969133574319
        865.0000000000000      -0.2048129664699467
        866.0000000000000      -0.2182163328848195
        867.0000000000000      -0.5685846244299007
        868.0000000000000      -0.7303365011101237
        869.0000000000000      -0.6339605294830551
        870.0000000000000    -0.004162723546090781
        871.0000000000000       0.4192167469530990
        872.0000000000000       0.6029060725955179
        873.0000000000000       0.3370969037717909
        874.0000000000000      0.04394907121108479
        875.0000000000000      0.06466439687639186
        876.0000000000000     -0.05322094477600939
        877.0000000000000      0.04018721224661783
        878.0000000000000      0.02085070014972805
        879.0000000000000       0.4003611520942303
        880.0000000000000       0.6991271785830033
        881.0000000000000       0.6566888995819185
        882.0000000000000       0.4360203150680873
        883.0000000000000      0.07272278266047770
        884.0000000000000      0.06991662538129624
        885.0000000000000      -0.1397300669028189
        886.0000000000000      0.06748322521095418
        887.0000000000000     -0.01076999471954360
        888.0000000000000     -0.01188238667635770
        889.0000000000000     -0.03355093050008464
        890.0000000000000      -0.2173441081128741
        891.0000000000000      -0.2411311003529930
        892.0000000000000      -0.3195954200670703
        893.0000000000000      -0.4306982498494052
        894.0000000000000      -0.8247244601655943
        895.0000000000000      -0.7989203879525884
        896.0000000000000      -0.5785667551927096
        897.0000000000000       0.3689089062358907
        898.0000000000000       0.7590140837892163
        899.0000000000000        1.194262329179306
        900.0000000000000       0.9339665899973024
