directACX_1441  flippedACX_1442  flippedAC_x1443  flippedAC_X1446 
tangential coordinate AC_X  tangential coordinate AC_X  tangential coordinate AC_X  tangential coordinate AC_X 
-386.4998375 -0.293092175 -386.499915 -0.500899766 -386.4999575 -0.49437174 -386.500115 -0.470798405
-385.4999625 -0.550774065 -385.500025 -0.652836575 -385.500055 -0.649879991 -385.5002575 -0.708620615
-384.499985 -0.97220623 -384.4999925 -1.274773483 -384.499975 -1.234138332 -384.50022 -1.381442882
-383.5000275 -0.646138341 -383.5000025 -0.915460361 -383.50001 -0.914646614 -383.500255 -0.821765127
-382.50003 -0.46757056 -382.5000325 -0.651147225 -382.5000575 -0.76515489 -382.5002875 -0.668337372
-381.4999775 -0.602752927 -381.4999875 -0.715584141 -381.5000025 -0.685663218 -381.5002975 -0.763659624
-380.4999925 -0.297935112 -380.500005 -0.373771014 -380.4999775 -0.476171531 -380.5003075 -0.417731876
-379.5000275 -0.330617244 -379.500085 -0.430707844 -379.5000725 -0.545429783 -379.500345 -0.57805412
-378.500015 -0.447049503 -378.500005 -0.848894784 -378.500035 -0.854688102 -378.50033 -0.76462638
-377.500025 -0.198481701 -377.499985 -0.542081683 -377.5000475 -0.485196396 -377.500345 -0.539948631
-376.5001175 -0.174913679 -376.50009 -0.509018496 -376.50004 -0.3369547 -376.5003625 -0.384020881
-375.4998975 -0.317596494 -375.4999525 -0.632205475 -375.4999925 -0.597463024 -375.50026 -0.51434317
-374.4998675 -0.0952788 -374.499975 -0.315392345 -374.4999575 -0.270471342 -374.5002675 -0.233415423
-373.5000375 -0.06921057 -373.50004 -0.543579185 -373.5000675 -0.390979586 -373.5003525 -0.411237651
-372.50008 -0.129392681 -372.5000375 -0.390516072 -372.5000175 -0.317737912 -372.5003175 -0.225309918
-371.500075 -0.18582492 -371.500055 -0.517452945 -371.500065 -0.500746188 -371.5003125 -0.636882175
-370.5000675 0.090242834 -370.50003 -0.079389847 -370.5000525 -0.020004494 -370.500345 -0.03720442
-369.5000225 -0.204939512 -369.500095 -0.391326687 -369.5001625 -0.376762738 -369.5003875 -0.356276662
-368.5000525 -0.063871657 -368.5000725 -0.293263588 -368.500055 -0.232271093 -368.5003175 -0.33034894
-367.5000825 -0.094053802 -367.5001025 -0.308950452 -367.5001275 -0.269029356 -367.5004075 -0.458171167
-366.500055 -0.252986101 -366.500055 -0.51588737 -366.50006 -0.589537691 -366.5003525 -0.57724344
-365.50013 -0.026918126 -365.5001425 -0.264074195 -365.500115 -0.318795963 -365.50037 -0.27506569
-364.500155 -0.130850284 -364.5001475 -0.366011076 -364.5001475 -0.433054247 -364.50039 -0.305387939
-363.5001925 0.025217591 -363.5001575 -0.117947954 -363.50015 -0.189812545 -363.5003575 -0.034460205
-362.5001475 -0.001214755 -362.500175 -0.274884827 -362.50016 -0.239070841 -362.500355 -0.054782461
-361.5001875 -0.272646874 -361.5001175 -0.451821752 -361.500195 -0.470829123 -361.5004625 -0.460104682
-360.5001325 0.120920753 -360.50008 -0.180008663 -360.5001525 -0.246337445 -360.500455 -0.05542694
-359.5002025 0.124488716 -359.50021 -0.040695458 -359.5002075 -0.095595717 -359.5004375 -0.045749202
-358.5002 0.084306483 -358.5002925 0.063617713 -358.500275 -0.008603983 -358.500495 0.017678561
-357.5000275 -0.057126205 -357.5000125 -0.307069364 -357.5000775 -0.390362383 -357.5003025 -0.066393756
-356.5001125 0.055191798 -356.500265 -0.061506075 -356.500245 -0.162120598 -356.50038 -0.055465987
-355.5002125 0.13000984 -355.5002275 -0.050942986 -355.500175 -0.052628934 -355.5004 -0.084538236
-354.5001725 0.131077507 -354.5000975 0.099620039 -354.50011 -0.161887267 -354.5003025 -0.036110523
-353.500265 0.29714553 -353.5003075 0.060183299 -353.50029 0.026354524 -353.50051 0.101067288
-352.500085 0.816962822 -352.50017 0.738246319 -352.50018 0.687096168 -352.500445 0.806995012
-351.500235 -1.113219001 -351.5002175 -1.144940533 -351.5001875 -1.155912128 -351.50035 -1.158327274
-350.5002325 -0.267151234 -350.500265 -0.548127385 -350.5001875 -0.577670428 -350.5004025 -0.604899513
-349.500205 0.343916467 -349.5002525 0.183685721 -349.5001875 0.058071272 -349.500385 0.244778226
-348.5001825 0.117484181 -348.50016 -0.009501228 -348.500115 -0.143687065 -348.50028 0.056955936
-347.5001975 0.158551996 -347.500265 -0.06768804 -347.5003125 -0.041695265 -347.5004425 -0.017116267
-346.50018 -0.010380277 -346.5002325 -0.104624948 -346.500225 -0.17595361 -346.500365 -0.078688547
-345.5002025 0.178187558 -345.5002475 -0.012811822 -345.5002625 0.013538109 -345.50041 0.168489212
-344.500235 0.09300542 -344.500315 -0.029748661 -344.500235 -0.074470205 -344.50043 -0.074333038
-343.5001725 -0.073426973 -343.5002525 -0.304185589 -343.5002375 -0.232478504 -343.50037 -0.475905312
-342.5001725 -0.107359199 -342.5002525 -0.274872474 -342.50021 -0.141736818 -342.5002875 -0.266227595
-341.5001975 -0.088791357 -341.5002425 -0.214309366 -341.500275 0.004004915 -341.500405 -0.026549812
-340.500325 -0.192723241 -340.500285 -0.358746222 -340.5002875 -0.226503379 -340.500415 -0.234372065
-339.5000875 -0.441656103 -339.500205 -0.631933162 -339.50017 -0.498261739 -339.5004175 -0.482194319
-338.50016 -0.130588134 -338.5000075 -0.282620182 -338.5001325 -0.271270058 -338.5002375 -0.245016633
-337.5003 0.144230016 -337.500295 -0.02580687 -337.5003175 -0.095528264 -337.50047 0.033411186
-336.50019 -0.032202505 -336.500245 -0.096493789 -336.5002475 -0.1147866 -336.500375 -0.2006611
-335.5002475 0.251365424 -335.5002975 0.027819362 -335.5002325 0.070955093 -335.500395 0.090266651
-334.5001975 0.156183064 -334.5002 0.14963241 -334.5002325 0.025446793 -334.5004 0.088694397
-333.5003075 0.052251134 -333.50027 -0.128554427 -333.50031 -0.161311468 -333.5004675 -0.121627837
-332.50011 0.233318378 -332.5002225 0.067008655 -332.500205 0.025680178 -332.5003075 -0.006950144
-331.5002575 0.189386549 -331.5003225 0.225071839 -331.500315 0.080171934 -331.5004875 -0.062272341
-330.5002 0.097954169 -330.500235 -0.025615106 -330.5002325 -0.062836408 -330.50037 -0.091344635
-329.5002175 0.00527199 -329.5003 -0.067551946 -329.5002325 -0.044594708 -329.5003725 0.03708311
-328.50003 0.331339262 -328.5000525 0.301760999 -328.5000425 0.377396895 -328.500215 0.246760804
-327.500255 0.04490764 -327.5002625 0.062324258 -327.5003125 0.138138732 -327.5003275 0.213938585
-326.5002625 -0.175274566 -326.50028 -0.303362615 -326.50032 -0.237369564 -326.5003575 -0.317633661
-325.5002625 0.282043209 -325.5002475 0.037200478 -325.5002875 0.222122119 -325.500355 0.092044082
-324.5003 0.203111084 -324.500395 0.109013694 -324.50035 0.180363851 -324.5004175 0.039221847
-323.500235 0.172928684 -323.5002375 0.100826701 -323.50023 0.11360549 -323.50034 0.108899567
-322.50016 -0.009753743 -322.5002425 -0.244860181 -322.50024 -0.266902805 -322.5003475 -0.107672687
-321.50027 0.140064327 -321.5003325 -0.041797004 -321.5003525 -0.123661048 -321.5004275 -0.009244916
-320.5002325 0.139882001 -320.50025 -0.089983946 -320.5002975 -0.069169376 -320.5004375 0.067932831
-319.500185 0.153449648 -319.5002475 -0.053170832 -319.5002175 -0.007177717 -319.500365 0.110110552
-318.5001675 0.130767375 -318.5001375 -0.053857793 -318.500195 -0.065186029 -318.5002875 -0.047711728
-317.5002675 -0.170664582 -317.5003125 -0.183294558 -317.5003 -0.384444275 -317.500465 -0.335533927
-316.5002075 0.165403032 -316.500205 -0.011481517 -316.500225 -0.094952614 -316.5004275 0.136643806
-315.500255 0.251470934 -315.5002325 -0.009668383 -315.500235 -0.100460909 -315.5005125 0.062571578
-314.50019 0.233788534 -314.500235 0.080894734 -314.50021 0.072780778 -314.5003975 0.033499285
-313.50021 0.412356362 -313.5002525 0.123957861 -313.50019 0.093522468 -313.5004225 0.304427037
-312.5003175 0.262174425 -312.5003475 0.245771041 -312.5003875 0.139264268 -312.5005425 0.22910482
-311.499975 0.01574128 -311.5001775 -0.11491596 -311.50008 -0.158744188 -311.50044 -0.113717468
-310.4999725 0.360559048 -310.5001375 0.268147127 -310.50001 0.175747476 -310.50032 0.108460238
-309.50004 0.242877004 -309.5001775 0.13871027 -309.50006 0.020239202 -309.50034 0.128137989
-308.50006 0.227694832 -308.5000725 0.278023312 -308.5000475 0.079730895 -308.5003975 0.215315751
-307.500245 0.361263103 -307.500315 0.148586594 -307.50023 0.056722688 -307.500535 0.49499354
-306.4996225 0.258579207 -306.499845 0.170399386 -306.499775 0.142464156 -306.50015 0.240921161
-305.500015 -0.199101965 -305.4999175 -0.266537449 -305.4999275 -0.320544066 -305.500095 -0.171901113
-304.5001825 0.053216258 -304.500295 -0.193474075 -304.5002 -0.132302228 -304.50042 -0.133473264
-303.4997825 0.13928296 -303.49986 0.153338741 -303.4997375 0.110939237 -303.5002125 0.212454414
-302.49986 0.000350942 -302.5000925 -0.141097984 -302.49993 -0.245818966 -302.5002525 -0.087867829
-301.49993 0.003918905 -301.50017 -0.090534816 -301.4999825 -0.063827239 -301.500265 -0.00569008
-300.499955 0.327486746 -300.500155 0.012528289 -300.500055 0.029414498 -300.500275 0.090237667
-299.499945 -0.276445506 -299.500165 -0.209408589 -299.500025 -0.246093818 -299.5003625 -0.24008456
-298.49998 -0.657877638 -298.5000825 -0.646345531 -298.500005 -0.799102128 -298.500355 -0.791656818
-297.4994 -0.071811419 -297.499765 -0.213282634 -297.499595 -0.200860636 -297.499845 -0.079479238
-296.499395 -0.196993658 -296.4996675 -0.402719586 -296.4994925 -0.261368989 -296.4998725 -0.416051485
-295.499605 -0.03217532 -295.4999275 -0.060906292 -295.49977 -0.116877148 -295.5000875 -0.191373671
-294.4994175 0.020141951 -294.4997375 -0.169093308 -294.4995425 -0.181135564 -294.4997825 -0.152946025
-293.4995175 0.027459994 -293.4998625 -0.112280107 -293.4997525 -0.252893757 -293.4998225 -0.182018267
-292.4994325 0.242277541 -292.4997525 0.210782933 -292.4996075 0.076597869 -292.4997225 0.310159445
-291.499485 -0.409154544 -291.499815 -0.474903909 -291.4995925 -0.488910439 -291.49986 -0.348912766
-290.4994925 -0.05683675 -290.4997925 -0.18559081 -290.49961 -0.23566873 -290.499725 -0.132985065
-289.4995425 0.317981159 -289.4997925 0.128722305 -289.4996225 0.032572976 -289.499615 0.272942644
-288.4993675 0.165298464 -288.4996 0.178035288 -288.4995275 0.020814628 -288.4996625 0.175120403
-287.499305 -0.014883929 -287.499475 0.004848317 -287.499315 0.00405622 -287.499445 0.024798078
-286.4994875 -0.010065665 -286.4997025 -0.009588412 -286.499515 -0.051451979 -286.499495 0.079475838
-285.499375 0.208501808 -285.49964 0.13722466 -285.4993925 0.079289659 -285.4994425 0.222903566
-284.499055 0.282068724 -284.4993475 0.312787574 -284.4992925 0.321281308 -284.4994675 0.385081318
-283.4994 -0.125612576 -283.4994525 -0.175399238 -283.4993325 -0.045476972 -283.499245 -0.121491009
-282.4995225 -0.023294473 -282.49954 -0.076086063 -282.4993775 -0.124735249 -282.4992875 -0.015563251
-281.49957 0.159023429 -281.4998275 0.128227249 -281.49972 0.042256625 -281.499655 -0.004635388
-280.49968 0.120091498 -280.4998275 0.076290364 -280.49967 -0.010751701 -280.49951 0.22254231
-279.4994525 0.207408662 -279.499615 0.021853333 -279.4995675 0.109989947 -279.49943 0.194720028
-278.4997375 0.094727201 -278.49991 0.022416651 -278.499665 0.048231697 -278.49969 -0.018102144
-277.4996725 0.290794801 -277.49982 0.222979704 -277.49968 0.126473404 -277.4995925 0.182825569
-276.499505 -0.003137873 -276.49969 0.06479273 -276.4995575 0.072215042 -276.49934 0.102503232
-275.499675 0.186680357 -275.4996575 0.154105822 -275.4995875 0.091706757 -275.4992125 0.015930936
-274.4996275 0.217748004 -274.499775 0.112169018 -274.4996625 0.099948495 -274.4993925 0.338108738
-273.499515 0.151315477 -273.4996925 0.135232076 -273.4995275 0.114440126 -273.499525 0.109036525
-272.4995225 0.223633272 -272.4994975 0.168295058 -272.4993275 0.228931724 -272.49935 0.153714213
-271.499735 0.129701616 -271.4997725 0.077608361 -271.4996025 0.139673564 -271.4992925 -0.006608061
-270.4997225 -0.071730643 -270.499805 -0.203078501 -270.499755 -0.085834659 -270.4995525 -0.234430232
-269.499775 0.024337272 -269.4998925 -0.032515326 -269.49977 0.051157049 -269.4997525 -0.004752424
-268.4996275 0.265404651 -268.49945 0.109297485 -268.499305 0.115648512 -268.4991525 0.196175127
-267.499745 0.187722741 -267.4998325 0.126110863 -267.4997675 0.165140447 -267.4996425 0.15710303
-266.4998 0.170040663 -266.499905 0.080424027 -266.4998275 0.104632178 -266.499725 0.154280801
-265.4997175 0.018608216 -265.4997975 -0.105262931 -265.499735 -0.09212617 -265.49964 -0.036041482
-264.4999275 0.279676554 -264.4999875 0.091550314 -264.499835 0.112365581 -264.499715 0.224886286
-263.4996525 0.214493591 -263.4997825 0.287113288 -263.4996675 0.235607196 -263.4995675 0.190813983
-262.500015 -0.064437663 -262.50002 -0.129823434 -262.4999275 -0.178650972 -262.49976 0.04674179
-261.50002 -0.027119875 -261.50009 -0.30926027 -261.50006 -0.231659205 -261.5000375 -0.263580376
-260.5000375 0.113947947 -260.500085 -0.008697159 -260.5000025 -0.050917534 -260.4999375 0.094847336
-259.5001875 0.062516124 -259.5001125 -0.120634025 -259.50008 -0.138925795 -259.4999475 -0.067974916
-258.500085 -0.075166377 -258.50014 -0.137570891 -258.500155 -0.038184057 -258.50018 -0.209547097
-257.50004 -0.034098723 -257.5001475 -0.074507771 -257.5000475 -0.004942412 -257.50015 0.050130638
-256.500165 0.359469387 -256.5001775 0.376055365 -256.50022 0.388299376 -256.50013 0.309808376
-255.5001275 -0.449462939 -255.50011 -0.554631567 -255.50013 -0.64220897 -255.5001675 -0.534263868
-254.5001775 0.080354969 -254.5002075 0.037181615 -254.5001875 -0.041467241 -254.5001025 0.002913856
-253.50006 0.203922428 -253.5000225 0.112744603 -253.50006 0.196774394 -253.500145 0.028841614
-252.5001325 -0.262509603 -252.500185 -0.33419217 -252.5001775 -0.356233846 -252.50032 -0.187730585
-251.5001725 0.057308279 -251.5002675 -0.114878999 -251.5002475 -0.225492111 -251.5003575 -0.031802829
-250.5002825 -0.029123651 -250.5002625 -0.159315887 -250.5002725 -0.079750398 -250.50019 -0.123375138
-249.499985 -0.143056675 -249.4999825 -0.213752964 -249.5000325 -0.226508821 -249.5002125 -0.149947387
-248.5001325 -0.116988505 -248.500095 -0.161939772 -248.5001525 -0.24451706 -248.5003075 -0.117769612
-247.5000925 -0.455920838 -247.5001325 -0.558876631 -247.5001675 -0.605025352 -247.50038 -0.709341844
-246.500285 -0.181102547 -246.50036 -0.32831336 -246.5003175 -0.385533576 -246.5004125 -0.473414089
-245.50038 0.002465483 -245.5002125 -0.204000346 -245.50021 -0.393541931 -245.5001875 -0.137486417
-244.5000025 -0.230217755 -244.5001 -0.213437309 -244.5000925 -0.285300291 -244.5002175 -0.494058663
-243.5001775 -0.089149512 -243.5001325 -0.225374171 -243.500165 -0.348308554 -243.5002625 -0.339380904
-242.50023 0.151918404 -242.50027 0.127689038 -242.500295 0.167433212 -242.500195 0.314046819
-241.500235 -0.665763808 -241.500215 -0.632997885 -241.5002025 -0.758075135 -241.500225 -0.623775427
-240.5001125 -0.075946362 -240.5001225 -0.191184833 -240.5001475 -0.256083463 -240.5002925 -0.235347661
-239.500245 0.086371767 -239.50016 -0.010621692 -239.5002675 -0.057841702 -239.50023 0.001830063
-238.5001175 0.6224392 -238.5001525 0.463691417 -238.5001825 0.472899954 -238.5001325 0.470257776
-237.500285 -0.140242576 -237.5002275 -0.005745416 -237.5003175 -0.026358277 -237.5002175 0.092435548
-236.5001825 -0.431675077 -236.5000525 -0.478932421 -236.50012 -0.565616678 -236.500175 -0.509136721
-235.5003275 0.166893087 -235.500325 0.129130881 -235.500315 0.117625121 -235.500395 0.064291094
-234.50011 0.067960278 -234.500105 0.064693845 -234.5000425 -0.044133317 -234.5002775 -0.064781199
-233.500355 0.246528709 -233.5003775 0.139007147 -233.50031 0.096608518 -233.5004 0.014896585
-232.5001825 0.147596021 -232.500155 0.128320109 -232.5001575 0.036100141 -232.50029 0.133324294
-231.500205 0.117413856 -231.50029 0.106383317 -231.5002675 -0.001908104 -231.5003125 0.099252045
-230.500185 0.104731577 -230.5002575 0.16444641 -230.5001375 0.15758353 -230.5003225 0.112679793
-229.5003025 -0.049200334 -229.500315 9.56E-06 -229.500365 -0.041674654 -229.50033 0.11485754
-228.5001275 -0.129383028 -228.500015 -0.275677527 -228.500065 -0.368433107 -228.5003075 -0.281714723
-227.5001325 0.091684759 -227.500095 0.003635643 -227.5001375 0.01730863 -227.500325 -0.052036973
-226.5001825 0.055252668 -226.500325 0.004198916 -226.50028 -0.053199598 -226.5004 0.011390796
-225.5000225 0.128820013 -225.5000375 0.049761834 -225.5000275 0.073791974 -225.5003025 0.042318509
-224.5001825 0.109888217 -224.500175 0.015325043 -224.5002075 -0.000466235 -224.500325 -0.15925374
-223.50009 0.085955743 -223.50021 0.083388182 -223.5002075 0.034025465 -223.5003925 0.057924026
-222.499995 0.397023263 -222.5000475 0.203951185 -222.5000875 0.188517104 -222.5002775 0.226351734
-221.500045 -0.029408828 -221.500175 0.008264388 -221.500205 -0.135741137 -221.500325 -0.321470506
-220.4999925 -0.109591195 -220.5002025 -0.224922478 -220.5001525 -0.167499463 -220.5003675 -0.310542748
-219.49986 -0.103523776 -219.5000675 -0.053109456 -219.49996 -0.171757861 -219.500305 -0.083365024
-218.499775 -0.097456229 -218.4999325 -0.131296434 -218.4999075 -0.157266188 -218.5002275 -0.257437305
-217.499775 0.101111545 -217.5000425 0.095516757 -217.5000175 -0.056524432 -217.5002325 -0.026509559
-216.4999125 -0.149070311 -216.5001025 -0.168920087 -216.5000225 -0.14453273 -216.5002975 -0.101831793
-215.49988 0.051997376 -215.5001725 0.004143076 -215.5001 -0.078790991 -215.50028 -0.087154054
-214.49977 -0.138185145 -214.499915 -0.287793986 -214.49989 -0.155549398 -214.5000775 -0.086226375
-213.4997275 0.099132516 -213.500065 -0.089730768 -213.5000075 -0.069807638 -213.5002425 0.104701422
-212.5000525 -0.078548838 -212.50012 -0.105417615 -212.500105 -0.109065889 -212.50025 -0.170620831
-211.4993275 0.291266992 -211.4998025 0.108895282 -211.4996 0.004175555 -211.4998775 0.092806794
-210.499885 -0.086413738 -210.5000475 -0.110541435 -210.4998975 -0.083832594 -210.5002125 -0.063765354
-209.4996975 -0.406596467 -209.50004 -0.513728325 -209.499875 -0.538090906 -209.5001175 -0.44658764
-208.49987 0.28572177 -208.4998825 0.083084682 -208.4998175 0.101400765 -208.500045 0.299340081
-207.4997575 -0.438210757 -207.5000175 -0.37885211 -207.4999475 -0.466607469 -207.5003125 -0.405982088
-206.49988 -0.355892654 -206.499985 -0.384539017 -206.4999875 -0.332115749 -206.5001625 -0.462554392
-205.499855 0.002675054 -205.50012 -0.01522581 -205.5000025 -0.008874042 -205.5002375 -0.035376624
-204.4996275 0.114992218 -204.4999325 0.192837176 -204.49986 0.150617586 -204.50011 0.13180108
-203.499735 -0.373939719 -203.4999175 -0.299099719 -203.499825 -0.214890732 -203.5001825 -0.402271153
-202.4996175 -0.35537226 -202.499875 -0.436036633 -202.4998725 -0.352899008 -202.500215 -0.532593398
-201.4997625 -0.253054096 -201.4999925 -0.286723437 -201.4999075 -0.208407291 -201.500195 -0.18791566
-200.499955 -0.340735806 -200.50011 -0.301160242 -200.50005 -0.216415518 -200.50025 -0.460737898
-199.49993 -0.288418098 -199.5000375 -0.313097176 -199.499985 -0.279423851 -199.5002175 -0.377310164
-198.4999625 -0.197350237 -198.5000775 -0.203784034 -198.5000175 -0.184932135 -198.5001925 -0.225132427
-197.4999525 -0.006282489 -197.500135 -0.055720879 -197.5000775 -0.001690405 -197.5002725 -0.174204657
-196.4998975 -0.023964862 -196.5001 -0.127657788 -196.5000575 0.026551285 -196.5002525 -0.060776919
-195.5000825 0.104603409 -195.500265 0.00790544 -195.5002025 0.138543059 -195.50039 -0.07859913
-194.5000725 -0.218078844 -194.5002225 -0.080281474 -194.5002 -0.061965243 -194.5003375 -0.157671403
-193.4999525 -0.089511391 -193.5001275 -0.152218425 -193.500145 -0.099973571 -193.5002825 -0.162993676
-192.5000775 -0.063443281 -192.5002175 -0.121655248 -192.5001925 -0.165481847 -192.5003875 -0.175815898
-191.500125 0.046374621 -191.50029 0.145157917 -191.500245 0.10275988 -191.50038 0.070111844
-190.5001 0.127442328 -190.5001325 0.069470924 -190.5001275 0.06100152 -190.5002275 -0.022710461
-189.50017 0.17101029 -189.5002375 0.195034111 -189.500275 0.169243295 -189.5003425 0.234467321
-188.5001 0.159577877 -188.5000825 0.17184712 -188.5001075 0.176234909 -188.5003525 0.217895069
-187.50014 0.428145759 -187.5002175 0.246160327 -187.5002475 0.30572668 -187.500405 0.40132283
-186.5001625 -0.155786406 -186.5001625 -0.073276596 -186.500175 -0.078531657 -186.500335 -0.167749448
-185.5001725 -0.399718605 -185.500185 -0.500213465 -185.50021 -0.561539939 -185.5003475 -0.5955717
-184.500235 -0.106150663 -184.500185 -0.07090035 -184.500215 -0.133298237 -184.5003475 -0.033393955
-183.5001025 -0.007583244 -183.5001375 -0.029087268 -183.50022 -0.090056534 -183.5003425 -0.061216212
-182.5003825 -0.005264718 -182.50032 -0.106024027 -182.500355 -0.069314766 -182.5003875 -0.077788454
-181.500035 0.075802124 -181.499985 0.022038858 -181.5000325 0.00392677 -181.500325 0.024389271
-180.500275 0.210620542 -180.5002225 0.050102136 -180.500235 0.125918573 -180.50031 0.01781701
-179.5002175 0.319188163 -179.5002125 0.263165244 -179.50027 0.246660291 -179.5002875 0.267494748
-178.50014 -0.103494271 -178.500145 -0.181271688 -178.5001525 -0.157598069 -178.5004375 -0.06032746
-177.500185 0.085073624 -177.50018 0.103041452 -177.5002325 0.110643671 -177.500395 0.178100271
-176.500325 0.291141774 -176.500305 0.058604652 -176.50034 0.162635426 -176.5005025 0.27152805
-175.499975 0.15095861 -175.500075 -0.023332391 -175.5001025 0.023377005 -175.500365 0.06745575
-174.500295 0.275777243 -174.500275 0.233480862 -174.5002575 -0.020881216 -174.5004825 0.263383533
-173.5000825 0.143094447 -173.5001575 0.052793896 -173.5001725 0.09611044 -173.500475 -0.010688725
-172.50011 0.024162296 -172.5000775 -0.025393044 -172.50018 -0.071897856 -172.5004325 -0.034760995
-171.50018 0.173980258 -171.5002025 0.130170157 -171.50024 0.146343874 -171.5005175 0.117416777
-170.500235 -0.00745182 -170.500225 -0.038016713 -170.5001825 0.079585545 -170.500465 0.034594505
-169.5002 -0.01763414 -169.5002475 -0.028703582 -169.5001875 -0.010922753 -169.5003775 0.071772221
-168.50022 -0.064066311 -168.50032 -0.080640417 -168.5002775 0.068568993 -168.50041 -0.124800024
-167.5001475 0.122001269 -167.500215 0.092422626 -167.500195 0.151810651 -167.5003875 0.157377713
-166.5001725 -0.11568089 -166.500265 -0.063264225 -166.5001525 -0.026197671 -166.500425 -0.040444531
-165.50031 0.021637253 -165.500325 -0.047701069 -165.5002725 0.08454409 -165.5005625 -0.058266742
-164.50014 0.171454572 -164.5001 0.101611892 -164.500085 0.204035695 -164.5002475 0.283910901
-163.5001825 -0.06622754 -163.5002525 -0.005324889 -163.500165 0.039777435 -163.5003625 0.036088683
-162.5001075 -0.117659966 -162.500235 -0.224761786 -162.500165 -0.199480865 -162.5003775 -0.182983568
-161.50006 0.178407681 -161.50026 0.007051346 -161.50012 0.070010812 -161.500295 0.18169415
-160.5000175 0.216975341 -160.5002625 0.083864463 -160.5001 0.234502502 -160.50021 0.202621867
-159.5000925 -0.096956683 -159.5000925 -0.088072539 -159.5000075 0.017744155 -159.5002425 -0.058950378
-158.5001325 0.057861199 -158.50023 0.129990671 -158.5001625 0.205985933 -158.5003225 0.034477392
-157.50002 0.208928671 -157.5000575 0.213053667 -157.50001 0.316727556 -157.50014 0.156655077
-156.5001025 0.289996667 -156.5002075 0.211116885 -156.5001525 0.234969328 -156.50033 0.277582883
-155.5001825 0.194814656 -155.500265 0.17293004 -155.50023 0.276961067 -155.5002725 0.249760609
-154.500125 0.140882277 -154.5001475 0.147243074 -154.50009 0.195202696 -154.5002975 0.054438362
-153.5001525 0.226950125 -153.50024 0.142806253 -153.500155 0.182194429 -153.50031 0.15036611
-152.5001175 0.178017805 -152.500255 0.265869378 -152.5001225 0.286686112 -152.50032 0.275043858
-151.5000425 0.102835379 -151.50011 0.201432393 -151.5001125 0.133677807 -151.5001475 0.180971546
-150.500165 0.115153482 -150.5002775 0.155745624 -150.5002375 0.07566957 -150.5003725 -0.045600637
-149.500075 0.209971015 -149.500155 0.383808654 -149.5001575 0.23016123 -149.50035 0.204077101
-148.5001825 0.359789078 -148.5002075 0.394371805 -148.5002075 0.292152955 -148.50038 0.306254855
-147.50019 0.277106872 -147.500265 0.26368496 -147.500275 0.237894689 -147.50044 0.390932618
-146.5001175 0.073174452 -146.50017 0.15799801 -146.5001075 -0.016363696 -146.500345 0.008110332
-145.500135 0.025492274 -145.50023 0.016061166 -145.50022 -0.126871939 -145.500405 -0.118461904
-144.5001525 0.229060095 -144.50025 0.171624295 -144.500205 0.132619753 -144.5003425 0.16371582
-143.50018 0.295127943 -143.5002475 0.260937408 -143.5002125 0.183361457 -143.50035 0.314643567
-142.500165 0.274945678 -142.5001975 0.190250489 -142.50016 0.13785313 -142.500255 0.249321281
-141.5000375 0.42226311 -141.5001325 0.427063559 -141.5001375 0.271094818 -141.50034 0.233999053
-140.5001075 0.252081072 -140.5001825 0.457626708 -140.500185 0.305586542 -140.5003575 0.456176803
-139.5001625 -0.040601006 -139.5001875 -0.009310173 -139.5001675 -0.102421767 -139.5003675 -0.145395449
-138.500105 0.077966615 -138.5001625 0.100002925 -138.50012 0.012069909 -138.50038 0.046782299
-137.5001025 0.272784382 -137.50013 0.376816017 -137.500105 0.301561601 -137.50041 0.382710053
-136.5000275 0.153851956 -136.50006 0.132379084 -136.50005 0.192303273 -136.500355 0.07613778
-135.5001875 0.158670159 -135.5002175 0.026692307 -135.5002275 -0.000704937 -135.5004475 0.078315554
-134.50013 0.13348778 -134.499995 0.15225527 -134.499995 0.130036645 -134.500335 0.270493262
-133.5000575 0.30455536 -133.5000925 0.301568451 -133.5001375 0.279528417 -133.5003925 0.338921025
-132.500175 0.320623449 -132.5001625 0.224631615 -132.500195 0.360270146 -132.50049 0.211098801
-131.49999 0.334190727 -131.5000675 0.338944664 -131.5000575 0.399761776 -131.50034 0.387026497
-130.5000575 0.170258683 -130.50007 0.244507781 -130.5000875 0.298003491 -130.5003625 0.240454249
-129.500075 0.041326504 -129.500145 0.061320948 -129.5001575 0.117495227 -129.5003325 0.122631984
-128.500095 0.136144333 -128.5000575 0.179384002 -128.5001075 0.280736901 -128.5003675 0.054809739
-127.5001875 0.278462355 -127.5001925 0.26369721 -127.50019 0.467728643 -127.5004 0.310737494
-126.5001325 0.132029982 -126.5001175 0.260510274 -126.500035 0.244720264 -126.5003375 0.311665218
-125.500115 0.00684771 -125.500025 -0.023926675 -125.4999725 0.059211932 -125.5003725 -0.021157026
-124.50012 0.230415498 -124.50011 0.265386499 -124.50011 0.351203702 -124.5002575 0.288520682
-123.50008 0.132733165 -123.5000475 0.194699571 -123.5000225 0.161945357 -123.500345 0.201948454
-122.5001425 0.106301107 -122.50003 0.206512674 -122.5000725 0.193937083 -122.5003225 0.211626191
-121.50016 0.014868928 -121.500215 0.097075916 -121.5002475 0.099678872 -121.5004 0.045053961
-120.4999575 0.02343616 -120.5000825 0.18638894 -120.50005 0.244170471 -120.5003125 -0.005268323
-119.5001425 0.16575443 -119.500075 0.195702049 -119.50012 0.111162206 -119.5003175 0.078159423
-118.5000825 0.203072044 -118.50015 0.207515216 -118.500165 0.255653929 -118.5003725 0.011587185
-117.5002625 0.262890301 -117.500215 0.324328376 -117.50022 0.262645657 -117.50041 0.331264942
-116.5000625 0.143957539 -116.5000175 0.166141355 -116.50005 0.27213727 -116.500195 0.349692617
-115.5001225 0.198775475 -115.5001225 0.074204542 -115.5001625 0.177879028 -115.50046 0.036870447
-114.500235 0.184843551 -114.5001875 0.109767702 -114.5002 0.162370746 -114.5004075 0.195298174
-113.5001275 0.320911037 -113.500135 0.239080781 -113.50014 0.321862416 -113.5004125 0.31872592
-112.500185 0.288228966 -112.5001775 0.339643925 -112.50016 0.428854126 -112.5002825 0.222153623
-111.5002325 0.120546868 -111.50014 0.250207014 -111.5001075 0.297095799 -111.5003625 0.230581393
-110.50019 0.167864528 -110.5001775 0.180770155 -110.500155 0.237837523 -110.50041 0.217759153
-109.50027 0.255182517 -109.50025 0.19383332 -109.50022 0.181079256 -109.5003625 0.201186882
-108.5002 0.298750104 -108.500095 0.208146328 -108.500055 0.380570872 -108.50041 0.383364642
-107.50025 0.191068012 -107.5002325 0.307459538 -107.500155 0.385062623 -107.500415 0.353042388
-106.50022 -0.035364294 -106.50021 -0.038227363 -106.5002225 0.062054357 -106.5003575 -0.054779886
-105.5001825 0.14195338 -105.50019 0.243585739 -105.5002125 0.330296052 -105.500375 0.431147864
-104.500155 0.218021081 -104.50014 0.260398819 -104.5002 0.301037745 -104.50031 0.367075587
-103.50019 0.052838949 -103.5002275 0.159711994 -103.5002225 0.175529456 -103.500325 0.274253336
-102.500165 0.102656657 -102.50022 0.196525104 -102.5002725 0.257521182 -102.5004125 0.435181109
-101.5003425 0.163724907 -101.50022 0.169588219 -101.500255 0.199512873 -101.5003475 0.186108832
-100.500155 0.234792179 -100.5001725 0.290151302 -100.500175 0.256504532 -100.500165 0.320786518
-99.5002225 0.249610135 -99.5002525 0.336964471 -99.50026 0.315996275 -99.50024 0.151714287
-98.5000125 0.198177346 -98.500085 0.292527471 -98.500155 0.305487921 -98.50029 0.358892047
-97.5002775 0.255495831 -97.500315 0.364340744 -97.5003375 0.421229714 -97.5004475 0.271069842
-96.5000075 0.147812881 -96.499955 0.259903612 -96.4999825 0.214471233 -96.500095 0.240747473
-95.50025 0.193881306 -95.5002225 0.286716911 -95.5002575 0.263963073 -95.5002025 0.145425252
-94.4999875 0.139948377 -94.500105 0.264779945 -94.50013 0.314704708 -94.5002375 0.271353008
-93.5002625 -0.111483111 -93.500225 -0.034656857 -93.5001925 -0.05955356 -93.50027 0.044780763
-92.5000625 0.242084127 -92.500175 0.360906223 -92.5001725 0.26368813 -92.500235 0.363208496
-91.5002025 0.189402277 -91.50034 0.428969452 -91.50023 0.426929859 -91.50043 0.415386303
-90.500075 -0.020780291 -90.5001675 0.205782448 -90.5001275 0.140171506 -90.5003025 -0.022435993
-89.49995 -0.139712852 -89.5000075 0.026345453 -89.50003 -0.055336843 -89.50014 -0.155258301
-88.5002325 -0.176144319 -88.5002125 -0.048091291 -88.50023 -0.002095042 -88.5004075 0.024419529
-87.5001175 0.051173147 -87.5001175 0.136221759 -87.50012 0.111146602 -87.5001325 0.065347185
-86.4999575 -0.019009508 -86.50007 0.193034841 -86.5001 0.189388292 -86.5001375 0.058774931
-85.500235 -0.054190989 -85.500275 0.082348097 -85.5001525 0.102630018 -85.500235 0.099702707
-84.5000525 -0.010623704 -84.499975 0.055411006 -84.50003 0.074621656 -84.500115 0.103130413
-83.50017 -0.085805615 -83.5000975 0.085974205 -83.5001075 0.077863395 -83.5002425 0.104058198
-82.499985 0.077761664 -82.500045 0.169037284 -82.5000575 0.13110507 -82.500255 -0.006264053
-81.50029 -0.092419744 -81.5002125 0.188350514 -81.500185 0.199346834 -81.5002425 0.195913687
-80.4997925 -0.020103304 -80.4997825 0.227663334 -80.4998325 0.122588355 -80.49998 0.100591347
-79.500235 -0.024034342 -79.5001375 0.171976693 -79.5001075 0.133330195 -79.5002425 0.071519176
-78.4999975 -0.127967205 -78.5000475 0.055039746 -78.4999 0.071571789 -78.5000375 0.044946854
-77.50005 -0.05689929 -77.4999825 -0.075647184 -77.4999375 0.057313508 -77.500085 -0.102875386
-76.499935 -0.080831824 -76.499965 0.154915919 -76.4999675 0.194305223 -76.5000675 0.045552353
-75.5000725 -0.06351368 -75.49988 0.234228976 -75.4999925 0.033796936 -75.5000575 0.143980094
-74.50004 -0.083695993 -74.49984 0.029792063 -74.4999375 0.084538608 -74.4999975 0.197407819
-73.5002875 0.082372445 -73.5001325 0.204105379 -73.500215 0.306530449 -73.5001325 0.230835607
-72.499615 0.199688416 -72.4996225 0.528418144 -72.4997 0.422271887 -72.5000425 0.374263323
-71.5001575 -0.310492354 -71.5000275 -0.137268463 -71.5000875 -0.050736217 -71.500135 -0.246058903
-70.49997 -0.051925083 -70.4998125 0.115794504 -70.4998625 0.173755369 -70.500095 0.027368828
-69.5000725 -0.052107033 -69.4997525 0.206357578 -69.4997425 0.228247008 -69.500035 0.079546554
-68.49994 0.202710386 -68.4998825 0.310670782 -68.4998025 0.355238738 -68.4999875 0.231724283
-67.500185 0.163778817 -67.49996 0.363733951 -67.49995 0.293480513 -67.5000275 0.29390204
-66.5001575 -0.087653482 -66.500175 0.251797213 -66.5001025 0.14797229 -66.5002075 0.188579842
-65.4997775 -0.159086727 -65.49957 0.027359913 -65.4996725 0.109963772 -65.4999925 0.148257518
-64.500045 0.239481765 -64.4999475 0.391673287 -64.499925 0.3144556 -64.5001575 0.196685315
-63.499855 0.24804903 -63.4998675 0.423486347 -63.4998425 0.331447258 -63.50016 0.32886306
-62.500015 0.135367234 -62.499865 0.24154946 -62.49984 0.159688956 -62.50012 0.331040792
-61.5001075 0.135185256 -61.49994 0.244612627 -61.4998425 0.321680658 -61.500125 0.174468538
-60.499885 0.192502434 -60.4997975 0.333925644 -60.4997875 0.24742233 -60.5000175 0.417896248
-59.500165 0.16357096 -59.49995 0.370738864 -59.4999075 0.22441409 -59.50006 0.350074006
-58.4999625 0.132138191 -58.499925 0.353801962 -58.4999125 0.288905793 -58.5000875 0.354751759
-57.500065 -0.08429376 -57.4999125 0.163115068 -57.4999025 0.054647488 -57.5002375 0.175679552
-56.4997275 -0.05447689 -56.49978 0.086178092 -56.4997725 0.096639121 -56.499945 -0.050892798
-55.5000225 -0.070908325 -55.4999575 0.079241329 -55.49993 0.173630901 -55.50025 0.221285045
-54.4999475 -0.119840751 -54.499985 0.008554463 -54.4998925 0.139372582 -54.5003275 0.159712814
-53.499925 -0.037523037 -53.499935 0.011617543 -53.5000075 0.15636434 -53.5001825 0.118140512
-52.499895 -0.041455343 -52.499945 0.097180665 -52.4998325 0.198355951 -52.5000375 0.07406821
-51.5002625 0.000863417 -51.50017 0.043993935 -51.5001425 0.150347809 -51.500225 0.148746014
-50.4997225 -0.149320257 -50.50001 -0.08169306 -50.4997775 0.026089323 -50.5001375 -0.041576269
-49.5000525 -0.069501597 -49.500035 0.170120072 -49.4999525 0.151831112 -49.50017 0.209351486
-48.50001 -0.185933937 -48.5000125 0.011933172 -48.5000825 0.050072878 -48.5004825 0.010279331
-47.4998925 -0.227366478 -47.4999875 -0.09875373 -47.5 0.075814536 -47.4999775 0.062456912
-46.49977 -0.207549032 -46.49983 -0.015690724 -46.4998025 0.109056135 -46.5000575 0.117134683
-45.5001375 -0.242730271 -45.5001575 0.034872616 -45.5001525 0.137298013 -45.50033 -0.000687485
-44.50015 -0.175412463 -44.5000525 0.069185659 -44.50026 0.096789768 -44.50009 -0.168509818
-43.500035 -0.228094997 -43.499885 0.037248659 -43.4999 -0.008718716 -43.50018 -0.050082045
-42.4999775 -0.100777377 -42.500055 0.131561891 -42.5001275 0.1257731 -42.500355 0.325845756
-41.499955 -0.118459663 -41.4999825 0.200874956 -41.500045 0.115264758 -41.500245 0.164273465
-40.5000575 -0.118641614 -40.5000625 0.243938126 -40.5000925 0.163506482 -40.50013 0.256451173
-39.500185 -0.168823497 -39.5002675 0.110751382 -39.500185 0.075498229 -39.500125 0.097378915
-38.50002 -0.046506165 -38.5 0.175064313 -38.4999575 0.051239813 -38.5002025 0.039556685
-37.49988 -0.077938766 -37.4999375 0.250627385 -37.500055 0.224481562 -37.50015 0.070484412
-36.5001225 -0.053120341 -36.5000875 0.174940603 -36.50006 0.125223265 -36.5003175 0.051412211
-35.50005 -0.212052761 -35.4999875 0.14800365 -35.5000075 0.063464938 -35.5002825 -0.020160056
-34.5000625 -0.108484953 -34.5001025 0.172316844 -34.500115 0.184206692 -34.5003625 0.047017714
-33.50003 -0.139917266 -33.50003 0.125379909 -33.4999825 0.103698325 -33.5002275 0.055445415
-32.5000725 -0.062599377 -32.5000275 0.139693022 -32.5000225 0.115690045 -32.500315 0.095123188
-31.50003 -0.101531717 -31.500165 0.146506231 -31.500155 0.152681812 -31.5002425 -0.050199091
-30.50009 -0.232963782 -30.500035 0.020819257 -30.49997 0.002173418 -30.500355 0.043228689
-29.5000675 -0.044396067 -29.49997 0.122632328 -29.49994 0.150415103 -29.500225 0.101656392
-28.5000625 -0.175828306 -28.4999125 0.145695403 -28.49984 0.044906752 -28.5003225 0.148834168
-27.500095 -0.149760445 -27.50007 -0.001241374 -27.5000325 -0.02310145 -27.500295 -0.060238097
-26.5000725 -0.038692731 -26.4999975 0.213071691 -26.5000175 0.191390242 -26.5001325 0.104439595
-25.499935 -0.247625325 -25.4999575 0.097384779 -25.49983 0.037131846 -25.500225 -0.08838263
-24.50012 -0.131557054 -24.500025 0.16669794 -24.499925 0.024123595 -24.50027 -0.111204871
-23.5000375 -0.145489501 -23.5 0.214761038 -23.4999025 0.138615283 -23.5002025 -0.006527149
-22.4999775 -0.036921887 -22.49998 0.270324139 -22.4998825 0.218106973 -22.5002225 0.081900602
-21.50011 -0.078353758 -21.50002 0.105887282 -21.49995 0.165098707 -21.50032 0.069078378
-20.4998575 -0.21978666 -20.4998475 -0.023549722 -20.499795 0.093340328 -20.5001925 0.146256081
-19.500115 -0.054968195 -19.5000225 0.103263514 -19.4999425 0.139082103 -19.500285 0.112183856
-18.50008 -0.028900515 -18.499995 0.17007661 -18.49982 0.18857374 -18.500115 0.213111545
-17.49998 -0.141583008 -17.49995 0.103139694 -17.4998175 0.043065439 -17.50019 -0.148460686
-16.50002 -0.231765127 -16.4997775 0.10495269 -16.4997725 0.150057116 -16.50012 0.148717036
-15.5000475 -0.115697278 -15.4999575 0.128015929 -15.49988 0.24704887 -15.50018 0.284644799
-14.50025 -0.065878961 -14.50001 0.11982908 -14.49999 0.257790626 -14.500275 0.161822575
-13.4999225 -0.176062065 -13.499915 0.01164213 -13.4997975 0.049782228 -13.5000525 0.111500247
-12.4999025 0.041255656 -12.4998375 0.054705192 -12.4998175 0.118023938 -12.5002025 0.24242804
-11.5002225 -0.037675711 -11.4999075 0.200268355 -11.49986 0.23376566 -11.500085 0.338355747
-10.5001025 -0.096608258 -10.49989 0.199581458 -10.49988 0.15575737 -10.5002475 0.101783543
-9.49997 0.009459161 -9.499925 0.236394597 -9.499825 0.235249042 -9.5002925 0.312711302
-8.5000875 0.04802725 -8.4998675 0.364457672 -8.499785 0.403490721 -8.5001925 0.341139015
-7.50002 -0.102155156 -7.5000225 0.222520894 -7.50002 0.117982541 -7.500185 0.083316757
-6.4999825 0.040162518 -6.499785 0.261833846 -6.4997575 0.328724107 -6.5001875 0.190494502
-5.500125 0.032480674 -5.499905 0.292397043 -5.4998525 0.238215855 -5.500185 0.338922245
-4.5000525 0.044798254 -4.499855 0.277960124 -4.499865 0.388957561 -4.50012 0.249849969
-3.5001 0.040866156 -3.499865 0.288523245 -3.4998375 0.363449247 -3.5001175 0.328277712
-2.499955 -0.076816458 -2.49982 0.28908633 -2.499775 0.307940915 -2.500185 0.327955479
-1.50001 0.008001464 -1.499965 0.120899544 -1.4999575 0.209932708 -1.50015 0.027633212
-0.4999525 -0.063430916 -0.499955 0.300212652 -0.49981 0.280674333 -0.5002575 0.239810991
0.49981 0.067637496 0.4998975 0.147025869 0.50005 0.255166104 0.4997625 0.181988729
1.499895 0.009955042 1.499935 0.252588958 1.499995 0.313407832 1.499695 0.231666495
2.499875 0.00477287 2.4999325 0.176902075 2.5001025 0.259149477 2.499795 0.080094207
3.4999175 -0.027909469 3.500015 0.202465133 3.499935 0.251141262 3.4996925 0.116021985
4.4998525 0.03940848 4.4998525 0.17677836 4.499875 0.208132992 4.499735 0.258199715
5.5001175 0.021725543 5.5001175 0.278591293 5.5002175 0.186374518 5.4998875 0.085377411
6.4999275 -0.057206173 6.5001375 0.220404394 6.500125 0.217116265 6.499895 0.215055153
7.4998975 -0.126138318 7.4998 0.108467741 7.49979 0.024108135 7.49962 0.127232986
8.499925 -0.116320617 8.499945 0.106530756 8.499925 0.084849766 8.49958 0.070660743
9.49996 -0.109002936 9.5000225 0.114593818 9.500015 0.16059142 9.4995925 0.071588484
10.499995 0.070814744 10.5000475 0.136406916 10.5000275 0.302583114 10.4996825 0.036266199
11.4998375 -0.069367059 11.4998 0.149470201 11.4999875 0.247074834 11.4995575 0.080943984
12.4998225 -0.282049244 12.499825 -0.022466702 12.49991 -0.025933427 12.49959 -0.104378282
13.4999825 -0.270981899 13.49992 -0.126903652 13.4999825 0.036058236 13.499695 -0.128450572
14.4999775 -0.293664111 14.499895 -0.10134052 14.49993 -0.025700037 14.499685 -0.261272824
15.5000175 -0.137596444 15.5000625 0.08922248 15.5001675 0.002541542 15.4997125 0.034654911
16.499905 -0.090278368 16.49989 0.171035714 16.4998825 0.227033387 16.4995175 0.030582719
17.49968 -0.13545999 17.4997225 0.157848944 17.499715 0.129025172 17.4994975 0.10401047
18.5001975 -0.191893603 18.499995 0.052161872 18.4999425 0.034766756 18.4997 -0.038811851
19.4998425 -0.178324876 19.49973 0.051475169 19.4997075 0.043008575 19.499615 0.178365921
20.500085 -0.222257752 20.50006 -0.016711943 20.5001175 0.046250067 20.4999325 -0.024456437
21.499755 -0.154939093 21.49974 0.027601392 21.4997575 -0.01550805 21.499545 0.066471432
22.5000075 -0.221371996 22.4999075 -0.038085608 22.4999475 0.153983553 22.4996075 0.131149156
23.50017 -0.115304657 23.5001675 0.042477328 23.5003675 0.087225039 23.4998525 0.057076822
24.5000725 -0.056736621 24.50014 0.111790462 24.500115 0.205466868 24.499865 0.150504562
25.4997875 0.040581918 25.4997825 0.249853823 25.4997625 0.381208747 25.4996225 0.270182385
26.49998 -0.010850824 26.4999525 0.269166821 26.49998 0.213200336 26.4998 0.084860072
27.500015 -0.031033143 27.49994 0.280979944 27.4998825 0.165192085 27.4996375 0.104537869
28.4999975 -0.159965322 28.49987 0.147793108 28.499855 0.173433799 28.4996725 -0.024534398
29.4999925 -0.217647534 29.5000275 0.047106114 29.50008 0.021675385 29.4998675 -0.051106716
30.499945 0.009670368 30.50006 0.226419207 30.49997 0.146167141 30.4998025 0.106071049
31.500125 -0.08301234 31.500035 0.120732339 31.5000325 0.080658809 31.4997925 -0.070501203
32.49989 -0.085693936 32.499925 0.09504553 32.49994 0.065150556 32.499645 0.096676589
33.4999575 -0.202126342 33.4999625 0.006858619 33.50001 -0.00410778 33.4998325 -0.182395727
34.500055 -0.194808829 34.5001325 -0.028828383 34.50029 0.022883777 34.4997625 0.01853204
35.4997925 -0.154990351 35.5 0.062984823 35.4999825 0.129875634 35.4996625 0.103209816
36.4999525 -0.077673005 36.50005 0.071047904 36.50005 0.073117299 36.499755 -0.115862469
37.5000925 -0.107855606 37.5001075 0.122860979 37.500125 0.128858961 37.4997175 0.011315287
38.4998625 -0.091787215 38.5001 0.0721741 38.5001025 0.124600672 38.499885 0.223492978
39.49997 -0.090719729 39.4999325 0.03023733 39.50002 0.202842414 39.499735 0.301920771
40.5002575 -0.003402725 40.5003425 0.077050163 40.50028 0.151083982 40.4998325 0.090348484
41.5001525 0.085165331 41.500345 0.257613276 41.5003975 0.316825622 41.4998375 0.211276226
42.49995 -0.128766352 42.50011 0.008176553 42.4999925 0.112567527 42.499735 0.128454004
43.5001975 0.018550759 43.50013 0.277489654 43.500195 0.179559124 43.4998375 0.236881715
44.500035 -0.162881031 44.50022 0.020552707 44.5003475 0.146550747 44.499925 -0.107190569
45.50004 0.01693673 45.5001825 0.152365848 45.5001725 0.213542536 45.4998025 0.081237215
46.50016 -0.153245817 46.500145 0.102928989 46.5000925 0.081784276 46.499835 0.017164949
47.5000025 -0.14342762 47.50022 -0.034007948 47.500235 0.118775904 47.4998525 -0.040657312
48.499915 0.040140389 48.50015 0.161555215 48.5000775 0.308267683 48.49987 0.219020427
49.500005 -0.081292078 49.5001275 0.057118346 49.50024 0.275259301 49.5000275 0.118698121
50.499805 -0.260223767 50.5000825 -0.074818508 50.4999675 -0.016498861 50.499945 0.030875892
51.50013 -0.122906864 51.5001975 -0.024255472 51.5003025 0.161742669 51.4998975 0.044303651
52.5001675 -0.00933919 52.5002675 0.158807595 52.5002375 0.249984402 52.4999375 -0.039768617
53.5000325 0.069228946 53.5002225 0.16312074 53.5002825 0.344476079 53.5000575 0.151159089
54.499905 -0.064702937 54.5001025 0.304933938 54.500125 0.283967859 54.4997775 -0.049163077
55.4999025 0.045114844 55.50005 0.259247089 55.499965 0.31095964 55.49972 0.103014686
56.500015 -0.162567683 56.500085 0.15981018 56.500325 0.132951157 56.499875 0.138942381
57.50014 -0.160250244 57.500115 0.107873274 57.500235 0.214942902 57.5 0.103620085
58.4998675 -0.040431739 58.5000525 0.094686432 58.50009 0.189434676 58.5000825 -0.039202197
59.50002 -0.085614373 59.500335 0.078999353 59.5001 0.096426371 59.5000075 -0.025774429
60.4999075 -0.027046297 60.5001275 0.149562611 60.50022 0.184668009 60.5001425 0.011403272
61.50013 -0.158479119 61.50019 0.170125683 61.50011 0.216659765 61.49996 0.189831075
62.500085 -0.126161224 62.5003425 0.050688693 62.5004025 0.132401316 62.50005 -0.245491209
63.49994 -0.067593061 63.499975 0.052502061 63.5001125 0.130643164 63.4998825 0.236686589
64.500025 -0.097775514 64.50016 0.060565048 64.5001525 0.203884843 64.499925 0.18011432
65.49993 -0.052957485 65.5000975 0.143628206 65.5002 0.183376519 65.4999925 0.117292043
66.499855 -0.023139509 66.5001475 0.117941287 66.5001325 0.285368253 66.499915 0.210719812
67.500005 0.007927863 67.500015 0.184754493 67.50009 0.237359975 67.499965 0.08289754
68.499845 -0.098503934 68.4998275 0.094067737 68.4999675 0.221851737 68.4998425 -0.062424676
69.4999525 0.016313553 69.5000775 0.10963068 69.5000925 0.196343373 69.4999575 -0.070246968
70.5001175 -0.090119115 70.5001025 0.081443778 70.500285 0.185834975 70.5000275 0.000680754
71.5000575 -0.11405118 71.500075 0.108256912 71.500115 0.195326761 71.4999 0.101608539
72.4999575 -0.047983137 72.499765 0.13257024 72.499945 0.103568548 72.4996875 0.116286352
73.49978 -0.069414887 73.4999525 0.223133226 73.499955 0.123060242 73.4999175 0.092214022
74.5000325 -0.07959779 74.499925 0.18369636 74.49995 0.233801945 74.49977 0.266891814
75.5000375 -0.107280028 75.5000475 0.294259391 75.5000875 0.265793575 75.4997225 0.071569574
76.49989 -0.062461858 76.4999425 0.222322578 76.5000075 0.210285315 76.4998275 0.322497285
77.499875 0.049855956 77.499985 0.162885664 77.49996 0.221027039 77.49975 0.323425054
78.4998375 0.129673831 78.4997775 0.124698921 78.49988 0.25176878 78.4996375 0.313102835
79.50004 0.013241063 79.5002825 0.084011689 79.5002275 0.205010303 79.5000125 0.045280458
80.499945 -0.155690908 80.49998 -0.120424988 80.49988 -0.04049782 80.49955 -0.148791648
81.49991 -0.30212304 81.4999775 -0.191111871 81.499945 -0.137256154 81.4998 -0.135363984
82.500025 -0.304805574 82.4999575 -0.248048742 82.499985 -0.104014474 82.49971 -0.274436211
83.5000775 0.03501206 83.500065 0.105014299 83.500045 0.114227195 83.49978 0.300241511
84.49996 -0.03266985 84.4999475 0.214327494 84.499965 0.298718936 84.4998475 0.229919234
85.4999775 -0.609102123 85.4999625 -0.587609401 85.4999525 -0.368039358 85.499815 -0.590403011
86.4999775 -0.410534348 86.50005 -0.348296346 86.50007 -0.226047718 86.4998075 -0.335725265
87.49991 -0.374466393 87.4999375 -0.230233154 87.500025 -0.121555995 87.499895 -0.476047548
88.499975 -0.257148793 88.4999725 -0.137170063 88.5000025 0.109185716 88.4997525 -0.090119758
89.499965 -0.257330991 89.500065 -0.230357011 89.5000925 0.03117737 89.4998025 -0.32294203
90.500035 -0.138763405 90.500185 -0.032293979 90.500185 0.070669023 90.4997175 0.202985742
91.500045 -0.142695657 91.5001475 -0.025480838 91.5001475 0.103910742 91.499715 0.068913487
92.499985 -0.279127721 92.5000825 -0.139917678 92.5001825 0.052152424 92.49991 -0.008908831
93.5000625 -0.095560155 93.5000125 0.014395485 93.500045 0.051644194 93.4997125 -0.146731023
94.5000475 -0.00699234 94.5000925 0.133708545 94.50011 0.149885861 94.4998175 0.037946688
95.4998825 -0.092174123 95.500055 -0.030728314 95.4999475 0.065627643 95.4995975 -0.072375497
96.50003 -0.158606744 96.5001325 -0.102665253 96.50004 -0.032380704 96.499775 -0.01644781
97.5000375 -0.02753899 97.500085 0.019147895 97.50009 0.060860971 97.49976 0.059479939
98.49976 -0.095220471 98.4997925 0.095961211 98.4998175 0.079102809 98.4996375 -0.114592277
99.5003175 0.005845808 99.5001325 0.126524092 99.5001425 0.079844344 99.4999375 0.117585371
100.499875 -0.240585231 100.5000675 0.044587252 100.50007 0.00683608 100.499865 -0.020236861
101.5000525 -0.193267932 101.50021 0.007650269 101.5002625 0.021327682 101.499905 0.01819087
102.499665 -0.075949118 102.4997975 0.006963668 102.4998875 0.010819573 102.49987 0.197868626
103.4999425 -0.077382088 103.499955 0.100026674 103.4999725 0.187811229 103.4998875 0.138796365
104.500175 -0.176314937 104.5000725 0.174339709 104.500195 0.146052816 104.4997225 0.065974163
105.500155 0.059752891 105.500285 0.149902678 105.5003025 0.228044461 105.49987 0.024401859
106.50002 0.002071027 106.5000525 0.114215952 106.500125 0.160036252 106.4998975 0.210329595
107.50002 -0.109361198 107.50019 -0.026471027 107.500155 0.062027936 107.49984 0.193757358
108.50002 -0.015793424 108.5000875 0.116592158 108.50006 0.127769684 108.4997625 0.130935127
109.5000275 -0.132225669 109.5001725 0.079655215 109.500215 0.063511305 109.4999425 0.128112814
110.50012 -0.049908143 110.50022 0.151468297 110.5002725 0.176752976 110.500065 0.321540519
111.4998875 0.063660255 111.5000675 0.268281517 111.500035 0.229994797 111.499805 0.096218347
112.5001225 0.087227399 112.5003025 0.290094471 112.50028 0.354486372 112.4999 0.472146061
113.499985 0.045795543 113.5002375 0.19940763 113.500245 0.14272809 113.5000675 0.178073751
114.499965 -0.034386629 114.5000175 0.113720896 114.499975 0.035969927 114.4998425 0.050251568
115.5000375 -0.058319049 115.50023 0.159283865 115.5002475 0.130461488 115.4998575 0.117429308
116.49989 0.078999121 116.499965 0.226097162 116.5000975 0.242453264 116.4997175 0.098357097
117.4998825 0.108816916 117.5001175 0.175410173 117.5001825 0.175694921 117.499895 0.264284785
118.4998675 0.03363473 118.50004 0.087223341 118.5000525 0.171436687 118.49977 0.013962569
119.49996 0.107202257 119.50001 0.089036477 119.500235 0.197178294 119.4999275 0.298640263
120.49988 0.144520246 120.500055 0.153349561 120.5001475 0.186670038 120.49981 0.170818045
121.499985 0.219337739 121.500015 0.366412703 121.500185 0.258661719 121.5000375 0.272995716
122.49994 -0.003344366 122.500105 -0.018024244 122.50004 0.164403493 122.4998075 0.060173535
123.4996325 0.040224233 123.4997125 0.037539141 123.4998775 0.031395275 123.49954 0.177351366
124.5000175 -0.046209025 124.4999825 0.06310207 124.4999875 0.074636919 124.4998325 -0.227970984
125.49994 0.124858957 125.499865 0.184915266 125.4998575 0.102878685 125.499745 0.145456788
126.499845 -0.332823014 126.4998125 -0.035771583 126.49979 0.013620419 126.499805 -0.019865487
127.49983 -0.154255199 127.49997 -0.036458576 127.49987 -0.029387922 127.499745 -0.130187723
128.499945 -0.051937733 128.5000425 0.010354489 128.49994 0.080103743 128.4996775 -0.016759957
129.4998825 -0.135869791 129.4999425 -0.077832327 129.49987 -0.041654522 129.499635 -0.038332199
130.49982 -0.118551849 130.4998075 0.000230881 130.4998825 -0.009662828 130.49977 0.200095502
131.49997 0.027515524 131.499995 0.102043867 131.4999825 0.072328821 131.49971 0.227273266
132.49969 -0.078915951 132.49979 -0.014892877 132.4998775 0.041820574 132.499595 -0.011798952
133.49997 -0.161598927 133.499905 0.016920159 133.49988 0.022562272 133.49958 0.051628797
134.4998225 -0.155530757 134.49993 0.101233257 134.4999675 -0.039196072 134.4995775 0.036306542
135.49992 0.064286756 135.499945 0.055546361 135.49989 0.132795667 135.4995375 0.115984299
136.4998775 0.055354644 136.499975 0.316109456 136.499945 0.289787339 136.4996875 0.298161996
137.4998725 -0.273577568 137.499865 -0.158327354 137.4998575 -0.161970917 137.4996225 -0.175910239
138.49993 -0.243759948 138.5000475 -0.160264364 138.49998 -0.279979279 138.499715 -0.403732524
139.4999825 -0.027692314 139.4999075 -0.055951153 139.499945 0.032012439 139.4995975 0.018445258
140.4999325 -0.031624405 140.4999725 0.100861917 140.499925 -0.028495851 140.49966 0.136872982
141.4999075 0.053193436 141.49987 0.120175103 141.4998275 0.154745898 141.4996225 0.239050739
142.499975 0.135511029 142.4999875 0.204488137 142.499915 0.207987553 142.499625 0.454978482
143.4998175 0.386579226 143.4999175 0.4100513 143.49989 0.307479266 143.499635 0.437156223
144.5000325 0.097646424 144.500025 0.183114341 144.49997 0.231970925 144.499785 0.25183392
145.4999575 -0.1425356 145.5000425 0.136177444 145.5000175 0.146462601 145.4996525 0.045261707
146.4999475 -0.162717799 146.49988 -0.084509329 146.4998775 -0.070295628 146.499645 -0.101310546
147.5000075 -0.156650185 147.500005 -0.0539463 147.4999525 0.012946034 147.499685 -0.109132815
148.4999625 0.02566771 148.4999475 0.090366855 148.5000025 0.149937708 148.4997225 0.246794917
149.49996 0.110485491 149.4999275 0.143429983 149.5000175 0.1169294 149.4996875 0.117722673
150.499965 0.066553252 150.4999725 0.021493067 150.4999625 -0.024828872 150.4996175 0.22740044
151.4998525 -0.147378672 151.499905 0.050806229 151.499905 0.000912857 151.4996525 -0.017921827
152.5001525 -0.126311702 152.4999075 -0.007380658 152.49994 -0.069595461 152.4996325 -0.006994076
153.49987 -0.15149317 153.499965 -0.105567582 153.49996 -0.048853771 153.4997125 0.002683643
154.50005 -0.031675878 154.4999775 0.099995524 154.5000425 0.119387887 154.4998 0.053611359
155.5000525 -0.02435811 155.500035 0.115558599 155.5001625 0.140129526 155.4997575 0.150789117
156.49991 0.020460047 156.4999775 0.118621754 156.50023 0.178371191 156.499775 -0.044533144
157.499945 0.027777727 157.5000575 0.084184814 157.5000575 0.065362979 157.4998 0.146394592
158.4999425 0.001345508 158.49999 0.068497975 158.500085 0.038604665 158.4998 -0.007677663
159.50004 -0.023836979 159.5000675 0.085311037 159.5001125 0.016846351 159.4997775 -0.111749912
160.5000325 0.107230816 160.5001375 0.207124104 160.5000625 0.168838076 160.4997925 0.264177828
161.4999025 -0.127951061 161.50004 -0.176062714 161.500015 -0.0854202 161.499815 -0.317394435
162.5001675 0.074366003 162.5002575 0.200750252 162.5002425 0.184071384 162.49987 0.293533292
163.4999125 -0.039565539 163.5001475 0.042563442 163.5 -0.015186793 163.4997025 0.16071109
164.4999625 -0.097247898 164.50013 0.008126569 164.5001175 0.014304848 164.49985 0.176638787
165.49993 -0.009930037 165.4999675 0.018689796 165.50002 -0.114953403 165.4997925 -0.04118345
166.50002 0.171137496 166.4999875 0.148002897 166.500125 0.099538243 166.4999525 0.158494243
167.49993 0.152205512 167.5001225 0.287315919 167.500015 0.115279999 167.4998625 0.321922017
168.50004 -0.037977008 168.500125 0.110379033 168.5001425 -0.097728366 168.4999375 -0.043400263
169.4999225 -0.058158919 169.4999975 -0.001557765 169.50008 -0.078236634 169.4998075 -0.033722477
170.500125 0.071658313 170.5002225 0.162755196 170.5001575 0.092505026 170.49991 0.317205234
171.500045 0.075226302 171.500165 0.07206835 171.5001675 0.139496721 171.499805 0.134383013
172.49987 0.123794546 172.4999275 0.276381628 172.5000475 0.242738482 172.49988 0.365310733
173.499945 0.074862119 173.50008 0.160694639 173.5001575 0.112230126 173.49983 0.214988494
174.4999425 0.1646799 174.50006 0.228757767 174.50009 0.14172186 174.4999325 0.278416205
175.49996 -0.058002372 175.5001275 -0.028179164 175.500145 -0.097536468 175.49998 0.000593934
176.499925 -0.056934504 176.49992 -0.030115906 176.4999375 0.015705337 176.49979 0.12027174
177.4998775 0.046633398 177.5000825 0.096697097 177.4999275 0.150197042 177.4998725 0.031199458
178.5000225 0.066450783 178.5001675 0.017260154 178.500095 0.032188657 178.4997975 0.025877226
179.4998925 -0.058731093 179.4998625 -0.043426522 179.499945 -0.197069567 179.499765 0.074304981
180.499805 0.012336916 180.5000675 -0.026613548 180.50001 0.0461721 180.5000425 0.067732636
181.49993 0.223404355 181.500095 0.077699548 181.5000325 0.106913788 181.4998375 0.318660447
182.5001875 0.124471439 182.5001575 0.29576262 182.50022 0.182655393 182.4998475 0.339588188
183.49976 -0.03945964 183.50009 0.046325782 183.5000575 0.055897175 183.4997975 0.140515948
184.4999425 -0.182142355 184.5000775 -0.131861095 184.50011 -0.112111151 184.49991 -0.159806343
185.4996925 0.02517609 185.499865 -0.020047834 185.49991 -0.04761935 185.49978 -0.135128557
186.5001 0.152492771 186.50004 0.221765161 186.5001025 0.124372252 186.500085 0.247049089
187.4997575 -0.038938535 187.49985 -0.018921593 187.4997875 -0.009885888 187.499835 0.019226914
188.49986 0.028378964 188.4999875 0.072891427 188.5001025 0.015855652 188.4998575 0.108904651
189.499975 0.24694643 189.50005 0.279704499 189.4999825 0.356597413 189.499875 0.40233239
190.4998875 0.283014439 190.499965 0.265267673 190.5000025 0.349839103 190.4998925 0.492010129
191.500015 -0.168418128 191.50012 -0.221669319 191.5000125 -0.138169203 191.5000075 -0.235812164
192.4995675 0.035150847 192.4998425 -0.086106013 192.49994 -0.071177466 192.4998525 -0.05238437
193.5001175 0.123717146 193.5000725 0.243206944 193.49998 0.205814214 193.4999625 0.337293339
194.4999675 0.019785323 194.5000175 0.156270097 194.49988 0.144055964 194.500035 0.143221061
195.49998 -0.020396936 195.5000525 0.073083188 195.4999075 0.05854765 195.5000975 0.056648785
196.499855 0.023171173 196.5000075 0.074896333 196.500045 0.00053928 196.499955 0.031326575
197.4998375 0.079238995 197.50002 0.09545944 197.50002 0.122530993 197.4998625 0.044754349
198.499905 -0.008443412 198.500135 0.051022476 198.500025 0.04452269 198.49999 0.120682053
199.49995 -0.059875758 199.4999725 -0.130914297 199.49995 -0.083485572 199.499935 0.036609815
200.4999925 -0.117558097 200.50005 -0.147851236 200.5000275 -0.066493912 200.499955 0.033787553
201.4998775 0.057259985 201.4998725 -0.053537999 201.4998225 0.071747893 201.49976 0.08596536
202.4999725 0.052077505 202.500055 0.123274991 202.5000925 0.124989455 202.4998125 0.300643088
203.4999625 -0.311854694 203.4999375 -0.277411813 203.4999875 -0.384268792 203.49997 -0.209679219
204.49977 -0.158286403 204.4998725 -0.149348654 204.4998125 -0.268527003 204.49991 -0.102501455
205.4999125 -0.07221901 205.499965 -0.023785602 205.49994 -0.219035368 205.4998275 -0.091573684
206.4999675 -0.032401384 206.5000075 -0.005722517 206.5000525 -0.098293725 206.49997 0.086854015
207.499835 -0.040083254 207.4999625 0.027340629 207.49996 -0.190051978 207.50001 -0.034718254
208.4998525 -0.104015526 208.5 -0.083346281 208.4999225 -0.133060259 208.499925 -0.153790482
209.4999825 0.0358019 209.5001375 0.083466739 209.5000275 0.060181387 209.4999575 0.102137252
210.49986 0.038120003 210.4999525 0.039029981 210.4999325 0.104673135 210.4997775 0.126815054
211.4997675 0.087938025 211.49979 0.003343208 211.499835 0.139164885 211.499715 -0.034757181
212.49991 0.016505418 212.499995 -0.079843818 212.500105 0.088656447 212.50005 -0.197579545
213.500385 0.043821918 213.50046 0.010718978 213.5003075 -0.070601956 213.500225 -0.004151857
214.5000825 0.136140504 214.500195 0.116282275 214.50016 0.113889819 214.50008 0.069275935
215.49986 0.267208875 215.5000025 0.130595522 215.499955 0.167131623 215.4999725 0.147703714
216.4996875 0.419527112 216.4999725 0.242408658 216.499975 0.284123313 216.4999625 0.538631461
217.499965 0.460594142 217.5000875 0.434221694 217.5000475 0.518614976 217.5000425 0.33955918
218.499845 0.051662239 218.500035 0.123534845 218.500035 0.060606682 218.50004 0.064236925
219.4999525 0.170229725 219.4999975 0.114097985 219.4998825 0.08134846 219.4998925 0.007664717
220.499815 -0.006202132 220.49989 0.027161174 220.499885 0.012090158 220.4999525 -0.125157558
221.499935 0.224865321 221.5000775 0.22522416 221.4999325 0.271581834 221.4998575 0.237020217
222.49985 -0.304066677 222.5000125 -0.14671268 222.49992 -0.27142646 222.50004 -0.080802097
223.50012 -0.157999626 223.5001275 -0.186149644 223.500055 -0.246934829 223.4999875 -0.342374336
224.499885 -0.108181222 224.50003 -0.145586462 224.499995 -0.136193098 224.499905 -0.292696565
225.499905 0.045386499 225.500015 0.131226663 225.5000925 0.043298552 225.49983 0.039481204
226.49987 -0.019795632 226.4999425 0.055539828 226.5000125 -0.048459707 226.49984 0.051658945
227.4999325 -0.183728026 227.50002 -0.26139711 227.4999675 -0.241467985 227.499845 -0.138663312
228.500175 -0.215160901 228.5001325 -0.195834072 228.500155 -0.27322638 228.4999675 -0.230235607
229.4999 0.029657611 229.50001 -0.220270873 229.49992 -0.224984561 229.4999875 -0.286807869
230.4998875 -0.073024581 230.4999175 -0.090957695 230.499995 -0.047992899 230.49989 -0.108380093
231.499845 0.026793307 231.4999775 -0.045394621 231.4998975 -0.06475115 231.49982 -0.266202326
232.4999575 -0.03588922 232.5000575 -0.044831561 232.50015 -0.045259578 232.50001 -0.039024643
233.4999 0.145178709 233.5001425 0.036981496 233.5000525 0.112982171 233.5001125 0.178153068
234.4999725 0.331246289 234.49999 0.317544716 234.500045 0.307473875 234.4999025 0.33783088
235.4998375 0.124814425 235.5001025 -0.035642247 235.500005 0.040715595 235.49994 0.018758613
236.4998625 0.074632133 236.5000575 -0.012579101 236.4999575 -0.092292681 236.4998625 0.017186382
237.4998975 0.290699813 237.5000625 0.251734011 237.49995 0.278449023 237.4999575 0.090614096
238.4996875 0.345518151 238.4998375 0.29604728 238.499785 0.134190807 238.49972 0.382791917
239.50013 0.454084739 239.500245 0.359110115 239.5003025 0.269932243 239.5000725 0.296219548
240.499905 0.461403117 240.50006 0.347173357 240.4999675 0.234424114 240.4999675 0.485897326
241.499895 0.221220918 241.50008 0.125236459 241.5000125 0.037665791 241.5000125 0.058075056
242.499815 0.192288907 242.4998525 0.23579973 242.4998175 0.14965759 242.4997325 -0.015997109
243.49996 0.133356292 243.50017 0.057612627 243.50019 0.0328991 243.4998275 0.321180604
244.4998025 0.285674489 244.4999725 -0.023074122 244.4999625 -0.008859084 244.49986 -0.047891662
245.499785 0.335492311 245.4998375 0.226239085 245.499895 0.14188265 245.499925 0.146786062
246.4999325 0.11780969 246.4997775 0.195552242 246.49997 0.076374312 246.4998125 0.206463843
247.4998825 0.253877598 247.499965 0.163615228 247.4999 0.117116047 247.4999275 0.04114155
248.4999975 0.244945064 248.50001 0.154178312 248.500005 0.064107693 248.49989 0.065819307
249.49995 0.071012966 249.50022 -0.146508717 249.5001025 -0.186400656 249.4999525 -0.018252969
250.49981 -0.064168884 250.499995 -0.137195448 250.49997 -0.145658889 250.499815 -0.18357518
251.49973 0.024399105 251.499905 -0.007882271 251.4997775 -0.104917091 251.499805 0.066102567
252.5000225 0.009216095 252.50003 -0.046069242 252.5001125 -0.165425562 252.4997725 -0.181719678
253.50022 0.03528334 253.500185 -0.099256233 253.500145 -0.052183878 253.499955 -0.188291992
254.49978 0.222602295 254.499985 0.087557019 254.4998275 -0.085192017 254.4997525 -0.093614183
255.49987 0.109919828 255.4999225 0.068120177 255.4999075 -0.001950358 255.49996 0.137313495
256.49993 0.038487441 256.5001125 -0.038816839 256.5001175 -0.149958765 256.4999825 -0.075508768
257.499855 -0.055444583 257.499905 -0.133253581 257.4999825 -0.227966996 257.499745 0.007919053
258.49996 0.21812291 258.5000925 0.078559405 258.500175 0.055274606 258.4997875 0.125096784
259.499945 -0.180809276 259.5000425 -0.174627445 259.5001225 -0.367733668 259.4999375 -0.27272552
260.4997775 -0.168491052 260.49986 -0.185314205 260.499965 -0.275741888 260.49971 -0.131797702
261.50005 -0.134924008 261.50003 -0.074751207 261.5001575 -0.135000286 261.4999625 -0.110870039
262.49994 0.049894061 262.499965 -0.030438047 262.5000975 -0.079258555 262.49981 -0.013692246
263.4998525 0.12221207 263.4998075 0.022625176 263.49981 0.123983291 263.49963 0.092235557
264.4998975 -0.160470276 264.5000875 -0.103061901 264.500015 -0.195275114 264.4998525 -0.240586771
265.4998575 0.050597606 265.4999225 0.035001327 265.4998525 -0.119533331 265.499935 -0.100909053
266.4999925 0.027915018 266.5001075 0.086814315 266.500035 0.017458276 266.499915 0.035018698
267.4999575 0.032732887 267.5002775 -0.091372687 267.5001675 -0.186800092 267.5001925 -0.166553647
268.4999475 0.166300688 268.49999 0.126690626 268.5000425 -0.006058328 268.4998625 0.026874204
269.500065 -0.203881853 269.50004 -0.206496294 269.4999975 -0.259066606 269.49997 -0.242198086
270.49994 -0.187813743 270.5000775 -0.309683204 270.50014 -0.330824978 270.5001125 -0.148770388
271.49974 -0.040495432 271.4999275 -0.151619986 271.499995 -0.167583205 271.4999625 -0.297842595
272.499875 0.03807198 272.49993 0.050193127 272.5000775 0.049408453 272.4999975 -0.085664862
273.500025 0.246639353 273.5001575 0.188256086 273.50008 0.037650152 273.499985 0.225262887
274.4996525 0.197708126 274.4999025 0.138819376 274.4997975 0.194641995 274.49967 0.083690733
275.500005 -0.341225045 275.5001125 -0.491867654 275.5002175 -0.444616518 275.50003 -0.474131639
276.4998875 -0.393906955 276.5000475 -0.557554494 276.500035 -0.635124726 276.4999725 -0.453203876
277.5000775 0.00216031 277.500085 -0.249491405 277.500185 -0.198133102 277.4999725 -0.193526132
278.4999275 0.283228486 278.5000375 0.107321743 278.5001275 0.128858627 278.4999575 -0.021348382
279.499825 0.008046536 279.49993 -0.044615068 279.4998225 -0.107899518 279.4999575 -0.262920638
280.4998325 -0.42088571 280.5000275 -0.38030202 280.5 -0.509657908 280.5000825 -0.505742934
281.49982 -0.297317902 281.4998025 -0.370988751 281.4999225 -0.353916169 281.5000375 -0.376065175
282.4998175 -0.160000121 282.5000625 -0.337925814 282.500035 -0.335674526 282.500015 -0.090137423
283.499535 -0.293931588 283.4995425 -0.329862342 283.4996575 -0.362432635 283.49974 -0.29420959
284.4996425 -0.349114102 284.499355 -0.390549098 284.4995 -0.430440855 284.4994375 -0.535781748
285.500025 -0.180547354 285.4999125 -0.279986366 285.4996975 -0.413449255 285.49977 -0.272354111
286.500325 -0.064480384 286.50023 -0.196923469 286.5002675 -0.175207845 286.5002425 -0.125176519
287.499755 -0.043411081 287.4999725 -0.200110177 287.4999475 -0.254465983 287.5001325 -0.346748739
288.4998125 0.02140654 288.4999975 -0.142047079 288.49993 -0.198724274 288.499995 -0.16582095
289.4997825 0.099974395 289.49997 -0.167733946 289.49995 -0.321732584 289.499925 -0.269893183
290.4999325 0.003541767 290.5000225 -0.230920867 290.4999325 -0.328490875 290.4999525 -0.266465448
291.499825 0.01335983 291.49999 -0.152857729 291.4999925 -0.262749206 291.49993 -0.219287696
292.4998775 0.254427463 292.49998 -0.023544607 292.499895 -0.028257457 292.4998175 -0.109609915
293.4998175 0.155495399 293.4999375 0.042018537 293.4999825 -0.017515801 293.49996 0.145067783
294.4999475 -0.004687175 294.499905 -0.173668326 294.4999125 -0.220524066 294.4999925 -0.179004483
295.4997875 0.161381028 295.5001275 -0.118105364 295.500005 -0.209782413 295.5000025 -0.045576742
296.499965 -0.041301673 296.50018 -0.093792285 296.500125 -0.149040774 296.500005 0.087851002
297.49985 -0.22023359 297.5 -0.458229046 297.49998 -0.464549 297.49979 -0.543721184
298.49988 -0.161665896 298.49999 -0.447665924 298.5000425 -0.481307332 298.499895 -0.606543474
299.4997725 -0.244347834 299.4999025 -0.425852749 299.4999375 -0.443065579 299.49994 -0.499365744
300.499685 -0.370779824 300.499805 -0.424039567 300.499865 -0.579823842 300.499875 -0.490937978
301.4998725 -0.279712553 301.500005 -0.62347659 301.4999125 -0.455332167 301.4998725 -0.737510233
302.4995175 -0.184893826 302.4993 -0.37166299 302.4992575 -0.364590134 302.49922 -0.392832278
303.5002975 -0.671328144 303.500185 -0.832350483 303.5001225 -0.807598874 303.4998625 -1.150654741
304.5008 -0.542761717 304.5007675 -0.813037768 304.500555 -0.729357394 304.5004075 -0.867227172
305.499915 -0.242941569 305.500235 -0.503724288 305.50027 -0.463615549 305.5001375 -0.707549341
306.499735 -0.164373312 306.4998625 -0.250660917 306.499865 -0.296623643 306.49992 -0.384121526
307.4999625 -0.198306147 307.500025 -0.341347913 307.500065 -0.328382045 307.5001325 -0.51819385
308.4997375 -0.169737769 308.49997 -0.405784761 308.4999925 -0.282640308 308.4998875 -0.452266027
309.5000775 -0.052420907 309.5000675 -0.248971713 309.5000725 -0.201898649 309.49992 -0.455088293
310.4999525 -0.156352797 310.500055 -0.323408589 310.50003 -0.357406928 310.499935 -0.360410553
311.49976 -0.004034506 311.49983 -0.189095319 311.4998875 -0.110415155 311.4998075 -0.178232768
312.4999775 -0.394217315 312.5001625 -0.533532433 312.5001225 -0.624673575 312.5000175 -0.569805091
313.4998675 -0.129399246 313.500035 -0.34671923 313.5000625 -0.290181845 313.5000575 -0.21637736
314.499895 -0.223331545 314.5001175 -0.506156172 314.5002075 -0.326940218 314.4999775 -0.475449589
315.499885 0.050236256 315.50005 -0.20309301 315.49999 -0.106198408 315.49998 -0.164521846
316.4998725 -0.074945936 316.5000775 -0.302529914 316.50012 -0.319206774 316.499955 -0.202344093
317.4998075 -0.085127987 317.5000575 -0.323216786 317.5000925 -0.24471506 317.50004 -0.221416376
318.4998475 0.13468968 318.4999375 -0.211403588 318.5000075 -0.128973317 318.4998175 -0.31548856
319.4999025 0.039507307 319.5000575 -0.122090556 319.500005 -0.088231616 319.4999375 -0.067060854
320.4998825 0.011825135 320.50017 -0.091527518 320.5000175 -0.223739923 320.4998375 -0.138633078
321.5000075 -0.309607425 321.50011 -0.553464362 321.5000625 -0.574248246 321.4997625 -0.626455309
322.5001575 -0.211040053 322.5002825 -0.409151365 322.50026 -0.394756646 322.500035 -0.544277652
323.499945 -0.216221709 323.500095 -0.328588121 323.5001075 -0.376514869 323.499995 -0.293349895
324.499875 -0.205153747 324.5 -0.449274941 324.49995 -0.340773089 324.49999 -0.434922149
325.5000825 -0.000336529 325.5000925 -0.15746189 325.50019 -0.143781511 325.4999325 -0.046494386
326.50002 -0.151768586 326.500265 -0.320648893 326.5003 -0.365539867 326.499905 -0.275566633
327.50001 -0.201950785 327.500235 -0.350085758 327.50016 -0.437298096 327.4997325 -0.359638833
328.49996 -0.038382877 328.500265 -0.307022663 328.5001775 -0.254056405 328.499715 -0.633711083
329.499915 -0.029814981 329.5001875 -0.303959495 329.5001925 -0.265814713 329.49985 -0.134033382
330.500085 -0.317497663 330.5002475 -0.637146421 330.500195 -0.743823014 330.499905 -0.603105655
331.50002 0.092320286 331.500165 -0.180333249 331.500165 -0.244331299 331.4998825 -0.317177903
332.5000025 0.002138107 332.5002275 -0.236020177 332.5001775 -0.231089606 332.4999575 -0.221250183
333.5000675 -0.180544293 333.5001975 -0.445457042 333.50025 -0.424097943 333.4998625 -0.397822408
334.500155 -0.073226753 334.4999775 -0.259893776 334.50025 -0.242106243 334.4999375 -0.304394688
335.5000625 -0.09340873 335.5002125 -0.393080822 335.5002175 -0.402614526 335.5000675 -0.399716985
336.50015 -0.12484119 336.5002 -0.326267698 336.5001275 -0.309372781 336.4998675 -0.292539176
337.5001725 -0.360023476 337.50026 -0.498204625 337.500285 -0.512381161 337.4999975 -0.720361474
338.50003 -0.21645532 338.5002425 -0.307641498 338.50008 -0.442889357 338.499945 -0.426933712
339.500115 -0.217887773 339.50027 -0.427078402 339.500155 -0.435897695 339.4999275 -0.509755962
340.5001975 -0.36557022 340.5002875 -0.475265299 340.5001975 -0.458906017 340.5000625 -0.335078262
341.5000925 -0.247002164 341.50025 -0.473452158 341.5001875 -0.396914312 341.49991 -0.380400468
342.499895 -0.335933859 342.5002075 -0.455389014 342.5001125 -0.388672574 342.499925 -0.343222728
343.5001725 -0.278616829 343.5000275 -0.506075775 343.49988 -0.551680756 343.4999825 -0.553545002
344.5001275 -0.178798934 344.500265 -0.479262823 344.49996 -0.464689097 344.4996525 -0.473867152
345.4999125 0.152269417 345.500175 -0.126199646 345.4999625 -0.041447398 345.4998025 -0.001689456
346.5001325 0.260836601 346.4999675 0.018113611 346.50012 -0.003205778 346.4996725 0.219238331
347.500015 -0.024345309 347.5002475 -0.361323466 347.5001875 -0.331214113 347.4998125 -0.44983397
348.4999425 0.18547266 348.5002425 -0.107010348 348.500225 -0.079222432 348.499865 0.022343758
349.500185 0.185289784 349.50031 0.111052721 349.500055 0.002769354 349.499955 0.077021473
350.500175 -0.013642415 350.50029 -0.31463415 350.5002025 -0.235239021 350.499915 -0.08830077
351.500065 0.203675655 351.5001875 -0.059070965 351.500135 -0.019497286 351.499975 0.028876955
352.500135 0.222243242 352.500165 -0.021007834 352.50017 -0.116255604 352.4999375 0.033554712
353.50015 0.125810976 353.499995 -0.051694603 353.5001525 -0.113013896 353.4999825 0.033232442
354.5000325 0.094379065 354.5001225 -0.191131575 354.5000925 -0.176022165 354.4998 0.061660245
355.500175 -0.045803542 355.5002525 -0.19681855 355.49982 -0.161530327 355.499985 0.01008793
356.5000175 0.137764655 356.5002025 -0.1237554 356.49997 -0.077038703 356.5000225 0.036015662
357.5000375 0.135082376 357.5002075 -0.014442289 357.500205 -0.133797123 357.49999 0.083193417
358.50001 0.252400224 358.50021 0.197370825 358.5001675 0.115694596 358.49998 0.129121165
359.49998 0.352218079 359.50015 0.191683981 359.50015 0.051436305 359.499965 0.170048914
360.5000075 0.112035779 360.5001425 -0.055252899 360.5002275 -0.015322035 360.499975 0.019726655
361.500195 0.165603051 361.5002225 -0.038439839 361.50028 -0.030830362 361.5001075 -0.124345643
362.500065 0.182921174 362.4999475 -0.036626535 362.5000875 0.051161436 362.4999825 -0.009667858
363.50009 0.182738882 363.5001775 0.028936422 363.500105 0.034403127 363.4999375 0.118759901
364.5000475 -0.07119323 364.50022 -0.168000492 364.500285 -0.151105264 364.4999575 0.025937639
365.50006 -0.098875489 365.5000275 -0.161187245 365.500095 -0.217863468 365.49993 -0.178134608
366.50002 0.028442393 366.50013 -0.1206242 366.50013 -0.102121786 366.5000725 -0.09345691
367.50004 0.127010114 367.50002 -0.04756101 367.500125 -0.122630084 367.49993 -0.043779119
368.4999925 0.071828016 368.5001 0.00175205 368.50011 -0.045638376 368.499915 0.04339863
369.4999675 0.264145857 369.5001825 0.073565109 369.5001625 0.068853297 369.4998925 0.146826382
370.4999425 0.078963699 370.500225 0.039128194 370.499995 -0.097904918 370.4996975 -0.115995811
371.4998225 -0.054968205 371.500145 -0.297808636 371.5001225 -0.258413283 371.499885 -0.270068127
372.49984 0.212349522 372.50022 0.039004428 372.5000575 0.02732845 372.499835 -0.044140366
373.49984 0.467167297 373.50011 0.228317618 373.4999475 0.241820206 373.49992 0.225537351
374.4998425 0.388235065 374.50024 0.111380644 374.49999 0.177561884 374.49994 0.263965089
375.49998 0.01055247 375.5001425 -0.186806174 375.50016 -0.195446502 375.49989 0.081142849
376.49992 0.464120406 376.50016 0.132506929 376.5001275 0.217795214 376.5001375 0.224570514
377.4999175 0.266438187 377.5001025 0.083070084 377.50001 0.191036974 377.5001525 0.220498253
378.500025 0.222505673 378.49991 0.007383331 378.4999975 -0.02072132 378.4998925 0.123926082
379.5000975 0.348573253 379.5002225 0.277946231 379.5001175 0.197520319 379.5000475 0.252353776
380.499935 0.289641464 380.5000875 0.124759439 380.5001675 0.208261993 380.49992 0.348281562
381.4998625 0.435709432 381.4999825 0.130322626 381.500045 0.201503755 381.4999075 0.21295931
382.499905 0.401777093 382.50025 0.258385557 382.5001775 0.155995388 382.4999275 0.498887048
383.4997425 0.419095303 383.5000725 0.248948794 383.5000225 0.304237166 383.5000175 0.454814763
384.49994 0.337662548 384.50013 0.16576187 384.49997 0.176228893 384.4997975 0.286992579
385.4998425 0.426230584 385.5000925 0.19757501 385.500165 0.210720494 385.4999025 0.316670289
386.4997975 0.741048479 386.5000075 0.468138184 386.4999025 0.433962327 386.499795 0.553848068
387.501295 0.519612237 387.501685 0.348700147 387.501375 0.405953278 387.50121 0.557275357
