#measuring device: BESSY-NOM
#slope profile along central axis in medidional direction
#plane elliptical mirror Ell2 for beamline P04 at PETRA-III. energy range: 100-3000eV
#finishing: ion beam finishing
#scan length [mm]: 430
#dx [mm] :0.2
#Object-XSize :510
#Object-YSize :70
#residual slope [urad]: 0.5
#design parameter of ellipse: entrance arm: 7500mm; exit arm: 2500mm; angle of incidence 0.6deg
#x-position [mm]; y-slope [urad]
0.00	590.4027041
0.20	589.8452956
0.40	589.302276
0.60	588.7836951
0.80	588.2621667
1.00	587.7709043
1.20	587.2799473
1.40	586.7952007
1.60	586.304617
1.80	585.8071346
2.00	585.3462644
2.20	584.8269951
2.40	584.3148912
2.60	583.7974496
2.80	583.2865237
3.00	582.7329597
3.20	582.2012068
3.40	581.6834064
3.60	581.1603848
3.80	580.6398841
4.00	580.1456063
4.20	579.6352331
4.40	579.1176412
4.60	578.603249
4.80	578.0790251
5.00	577.5353752
5.20	577.0040878
5.40	576.4813716
5.60	575.9771844
5.80	575.4567516
6.00	574.9483176
6.20	574.4236476
6.40	573.8805262
6.60	573.3662988
6.80	572.8563426
7.00	572.2982505
7.20	571.7899765
7.40	571.2497396
7.60	570.6901641
7.80	570.1314999
8.00	569.59471
8.20	569.0378929
8.40	568.4898168
8.60	567.9768742
8.80	567.4053144
9.00	566.8365131
9.20	566.3061564
9.40	565.7355372
9.60	565.1632114
9.80	564.6495852
10.00	564.1217058
10.20	563.6230696
10.40	563.1225476
10.60	562.6365986
10.80	562.1662844
11.00	561.6909671
11.20	561.2327584
11.40	560.7313831
11.60	560.2334935
11.80	559.7527949
12.00	559.2624779
12.20	558.7725147
12.40	558.2864736
12.60	557.7706561
12.80	557.3005116
13.00	556.7990442
13.20	556.3247692
13.40	555.8521135
13.60	555.3500837
13.80	554.8874293
14.00	554.4155687
14.20	553.9381667
14.40	553.4582196
14.60	552.9403126
14.80	552.42051
15.00	551.8854314
15.20	551.3444431
15.40	550.7965464
15.60	550.24768
15.80	549.7230731
16.00	549.1642878
16.20	548.580351
16.40	547.9701672
16.60	547.3854936
16.80	546.806623
17.00	546.2670115
17.20	545.7672602
17.40	545.251753
17.60	544.7322462
17.80	544.249429
18.00	543.7484124
18.20	543.2165723
18.40	542.717558
18.60	542.165075
18.80	541.6165578
19.00	541.0833941
19.20	540.5726428
19.40	540.0461015
19.60	539.5182804
19.80	538.9563293
20.00	538.4152682
20.20	537.9003864
20.40	537.3725846
20.60	536.8398525
20.80	536.3157158
21.00	535.7882485
21.20	535.2703852
21.40	534.7298235
21.60	534.199142
21.80	533.6773469
22.00	533.1232642
22.20	532.5761868
22.40	532.0462034
22.60	531.484805
22.80	530.9647358
23.00	530.4191419
23.20	529.8851977
23.40	529.3677561
23.60	528.8418693
23.80	528.3403389
24.00	527.8458913
24.20	527.3804203
24.40	526.8886053
24.60	526.4040234
24.80	525.9174103
25.00	525.4408325
25.20	524.9612489
25.40	524.4759011
25.60	523.9614604
25.80	523.4219168
26.00	522.9430023
26.20	522.4498492
26.40	521.9406395
26.60	521.4333933
26.80	520.9127811
27.00	520.3886493
27.20	519.826097
27.40	519.2815988
27.60	518.7309823
27.80	518.202783
28.00	517.6437601
28.20	517.0529538
28.40	516.4458387
28.60	515.8444298
28.80	515.2672366
29.00	514.6697255
29.20	514.1048365
29.40	513.6034321
29.60	513.092225
29.80	512.6279418
30.00	512.1506319
30.20	511.6956617
30.40	511.1905001
30.60	510.6879322
30.80	510.1586178
31.00	509.6579891
31.20	509.1438975
31.40	508.6082129
31.60	508.1341124
31.80	507.5944379
32.00	507.0636934
32.20	506.5507556
32.40	506.0602253
32.60	505.5089204
32.80	504.9439539
33.00	504.4041388
33.20	503.8471763
33.40	503.3262151
33.60	502.7928381
33.80	502.2416399
34.00	501.6972968
34.20	501.1822356
34.40	500.6629275
34.60	500.1491461
34.80	499.6259112
35.00	499.0758959
35.20	498.5706616
35.40	497.9974486
35.60	497.4563633
35.80	496.9163931
36.00	496.3881405
36.20	495.8711013
36.40	495.3350821
36.60	494.8165934
36.80	494.3664324
37.00	493.8798337
37.20	493.3991255
37.40	492.8883159
37.60	492.3456648
37.80	491.7766453
38.00	491.2069811
38.20	490.6648098
38.40	490.1219259
38.60	489.595724
38.80	489.1196504
39.00	488.6401881
39.20	488.1617196
39.40	487.7097648
39.60	487.2181097
39.80	486.7031066
40.00	486.2034524
40.20	485.6577663
40.40	485.1642496
40.60	484.6672957
40.80	484.1160345
41.00	483.5450904
41.20	482.9904501
41.40	482.4154336
41.60	481.8646911
41.80	481.2991428
42.00	480.7424906
42.20	480.1632177
42.40	479.6049899
42.60	479.0681175
42.80	478.480346
43.00	477.9032885
43.20	477.3189542
43.40	476.7499299
43.60	476.1894963
43.80	475.6648797
44.00	475.1553597
44.20	474.6385484
44.40	474.1667604
44.60	473.7082753
44.80	473.2741224
45.00	472.8158555
45.20	472.3888
45.40	471.9160473
45.60	471.4026441
45.80	470.8968038
46.00	470.3749505
46.20	469.827461
46.40	469.2888192
46.60	468.7362538
46.80	468.185424
47.00	467.6673668
47.20	467.1210456
47.40	466.5773376
47.60	466.018945
47.80	465.4870466
48.00	464.9091166
48.20	464.3549417
48.40	463.783188
48.60	463.2095144
48.80	462.6160126
49.00	462.059627
49.20	461.5666096
49.40	461.0673868
49.60	460.5556804
49.80	460.0768192
50.00	459.5666545
50.20	459.0282502
50.40	458.5013695
50.60	457.9527262
50.80	457.3675872
51.00	456.7849497
51.20	456.2329612
51.40	455.6703508
51.60	455.0955429
51.80	454.5893002
52.00	454.030413
52.20	453.4570304
52.40	452.9241479
52.60	452.4088685
52.80	451.8739935
53.00	451.3464972
53.20	450.8392413
53.40	450.3117546
53.60	449.7935519
53.80	449.2978584
54.00	448.8030037
54.20	448.2748917
54.40	447.7597771
54.60	447.2414823
54.80	446.7386962
55.00	446.2484616
55.20	445.7768724
55.40	445.2676288
55.60	444.7400646
55.80	444.2619742
56.00	443.768569
56.20	443.247409
56.40	442.7451368
56.60	442.2079493
56.80	441.6825279
57.00	441.1715051
57.20	440.6305992
57.40	440.0800506
57.60	439.5250176
57.80	438.9744739
58.00	438.4500367
58.20	437.8987609
58.40	437.3665765
58.60	436.8513069
58.80	436.3109342
59.00	435.8214947
59.20	435.2710819
59.40	434.7493498
59.60	434.2497925
59.80	433.7231155
60.00	433.2150257
60.20	432.6596533
60.40	432.1432783
60.60	431.62972
60.80	431.1025776
61.00	430.5686964
61.20	430.0458008
61.40	429.5162683
61.60	428.964818
61.80	428.4070168
62.00	427.8145088
62.20	427.2522426
62.40	426.7275436
62.60	426.1522896
62.80	425.6025894
63.00	425.0505137
63.20	424.5219945
63.40	424.0087609
63.60	423.4673654
63.80	422.9573946
64.00	422.4499884
64.20	421.9355816
64.40	421.4069799
64.60	420.8871095
64.80	420.3689553
65.00	419.8415026
65.20	419.2942215
65.40	418.7698909
65.60	418.2502193
65.80	417.7327971
66.00	417.2034924
66.20	416.6636628
66.40	416.1377808
66.60	415.5751656
66.80	415.0601723
67.00	414.5905513
67.20	414.0924581
67.40	413.5608798
67.60	413.0367431
67.80	412.5113653
68.00	412.0028053
68.20	411.5108642
68.40	411.00132
68.60	410.5106588
68.80	410.034876
69.00	409.5116944
69.20	408.9945146
69.40	408.5077803
69.60	407.9871778
69.80	407.4528264
70.00	406.9415224
70.20	406.4390029
70.40	405.9178672
70.60	405.4018412
70.80	404.8774524
71.00	404.3149681
71.20	403.7505058
71.40	403.1950898
71.60	402.6584841
71.80	402.0990976
72.00	401.5601842
72.20	401.0259879
72.40	400.4654088
72.60	399.9713346
72.80	399.4591919
73.00	398.9095063
73.20	398.3746943
73.40	397.8101302
73.60	397.2721767
73.80	396.7307569
74.00	396.20551
74.20	395.6784112
74.40	395.1117334
74.60	394.5320144
74.80	394.0264261
75.00	393.5118061
75.20	393.0275685
75.40	392.521287
75.60	391.9799496
75.80	391.4453025
76.00	390.8846507
76.20	390.3178807
76.40	389.7321259
76.60	389.1916321
76.80	388.6468623
77.00	388.1213149
77.20	387.5956366
77.40	387.0813947
77.60	386.5806447
77.80	386.0745717
78.00	385.5556903
78.20	385.0218334
78.40	384.5099524
78.60	383.9769003
78.80	383.4451377
79.00	382.9257278
79.20	382.3946779
79.40	381.8788944
79.60	381.3190909
79.80	380.8383584
80.00	380.3598317
80.20	379.8671246
80.40	379.388438
80.60	378.9001668
80.80	378.3712645
81.00	377.8684688
81.20	377.3478372
81.40	376.793769
81.60	376.2683233
81.80	375.7223804
82.00	375.1792977
82.20	374.6680179
82.40	374.126443
82.60	373.5946271
82.80	373.03877
83.00	372.5114142
83.20	371.965927
83.40	371.4084603
83.60	370.8350485
83.80	370.2725642
84.00	369.7031811
84.20	369.1220029
84.40	368.5636636
84.60	368.0014265
84.80	367.4150463
85.00	366.8756724
85.20	366.3751261
85.40	365.8729557
85.60	365.3696848
85.80	364.8711941
86.00	364.3540046
86.20	363.8342069
86.40	363.3184379
86.60	362.7752582
86.80	362.2165262
87.00	361.6162711
87.20	361.0478674
87.40	360.4508313
87.60	359.8718735
87.80	359.3107514
88.00	358.7693122
88.20	358.2050292
88.40	357.6627804
88.60	357.1331122
88.80	356.6179249
89.00	356.0721759
89.20	355.5757068
89.40	355.081298
89.60	354.5636771
89.80	354.0870508
90.00	353.5819764
90.20	353.1078905
90.40	352.5832012
90.60	352.0463773
90.80	351.5003422
91.00	350.9235611
91.20	350.3465424
91.40	349.7194924
91.60	349.1182823
91.80	348.520805
92.00	347.9289079
92.20	347.3363805
92.40	346.7629299
92.60	346.1724241
92.80	345.585312
93.00	345.0181008
93.20	344.486886
93.40	343.9413261
93.60	343.4257752
93.80	342.9609441
94.00	342.4950465
94.20	341.9943159
94.40	341.4849414
94.60	340.9684597
94.80	340.4297645
95.00	339.8870746
95.20	339.3405692
95.40	338.7490987
95.60	338.149944
95.80	337.5579839
96.00	336.9903558
96.20	336.4455666
96.40	335.9264622
96.60	335.3975987
96.80	334.8751346
97.00	334.3926956
97.20	333.8645884
97.40	333.3684877
97.60	332.8409914
97.80	332.3026646
98.00	331.7418043
98.20	331.2247069
98.40	330.705205
98.60	330.1608133
98.80	329.6458345
99.00	329.0943406
99.20	328.5542346
99.40	328.0214443
99.60	327.4841453
99.80	326.9252533
100.00	326.4070554
100.20	325.8563226
100.40	325.2689002
100.60	324.7152101
100.80	324.1181304
101.00	323.5405494
101.20	322.9680442
101.40	322.4180338
101.60	321.8714315
101.80	321.340304
102.00	320.8312106
102.20	320.2875996
102.40	319.7653439
102.60	319.2185622
102.80	318.674636
103.00	318.1531851
103.20	317.6205984
103.40	317.1041216
103.60	316.5916492
103.80	316.1021272
104.00	315.5899651
104.20	315.0903254
104.40	314.5839276
104.60	314.095157
104.80	313.5417627
105.00	312.9777367
105.20	312.4021773
105.40	311.8373998
105.60	311.2548253
105.80	310.6795665
106.00	310.0993773
106.20	309.5601827
106.40	309.0212742
106.60	308.51763
106.80	308.0228819
107.00	307.4590934
107.20	306.9106877
107.40	306.3545494
107.60	305.8023428
107.80	305.2094178
108.00	304.5910748
108.20	304.0133484
108.40	303.4319762
108.60	302.8510258
108.80	302.2642045
109.00	301.6955486
109.20	301.1438608
109.40	300.6057279
109.60	300.0550485
109.80	299.5122228
110.00	298.9717629
110.20	298.4711341
110.40	297.9471575
110.60	297.3952757
110.80	296.8431757
111.00	296.2861357
111.20	295.7302155
111.40	295.1947539
111.60	294.655254
111.80	294.1370076
112.00	293.6143787
112.20	293.1074621
112.40	292.6356305
112.60	292.1508887
112.80	291.6624042
113.00	291.1713066
113.20	290.6347785
113.40	290.1018087
113.60	289.5334971
113.80	288.9643176
114.00	288.3807106
114.20	287.7926336
114.40	287.2149896
114.60	286.6721348
114.80	286.1210287
115.00	285.6115669
115.20	285.1018191
115.40	284.5815026
115.60	284.0461041
115.80	283.4924285
116.00	282.891039
116.20	282.2984582
116.40	281.7300642
116.60	281.1662466
116.80	280.6048288
117.00	280.0400417
117.20	279.4621989
117.40	278.9402486
117.60	278.4282077
117.80	277.9114497
118.00	277.3898825
118.20	276.8446861
118.40	276.3249611
118.60	275.7826978
118.80	275.1812016
119.00	274.6046386
119.20	274.032531
119.40	273.4466744
119.60	272.8936
119.80	272.3627828
120.00	271.8716416
120.20	271.3792206
120.40	270.8668306
120.60	270.3488654
120.80	269.8118088
121.00	269.2648478
121.20	268.6731785
121.40	268.1041445
121.60	267.5365649
121.80	266.9851534
122.00	266.4501814
122.20	265.9468717
122.40	265.4119337
122.60	264.8669846
122.80	264.3058916
123.00	263.7095973
123.20	263.1038591
123.40	262.4679906
123.60	261.8391953
123.80	261.2102982
124.00	260.603474
124.20	259.9889852
124.40	259.4098528
124.60	258.8600314
124.80	258.3425559
125.00	257.81712
125.20	257.2663241
125.40	256.7518398
125.60	256.2671416
125.80	255.740547
126.00	255.2032917
126.20	254.6975047
126.40	254.20456
126.60	253.6971053
126.80	253.1825241
127.00	252.6775079
127.20	252.1927176
127.40	251.6909981
127.60	251.2051606
127.80	250.6965812
128.00	250.1373547
128.20	249.5677971
128.40	249.005274
128.60	248.4262773
128.80	247.8298521
129.00	247.2371356
129.20	246.6474976
129.40	246.0799035
129.60	245.5422554
129.80	245.0032693
130.00	244.4481346
130.20	243.8722503
130.40	243.3330606
130.60	242.782895
130.80	242.2268682
131.00	241.6644227
131.20	241.102171
131.40	240.5422028
131.60	239.9487979
131.80	239.3661022
132.00	238.7946442
132.20	238.2341718
132.40	237.685446
132.60	237.0900001
132.80	236.4916503
133.00	235.9075632
133.20	235.3192197
133.40	234.7547573
133.60	234.2043203
133.80	233.6865005
134.00	233.1982342
134.20	232.7198481
134.40	232.2634138
134.60	231.7868796
134.80	231.2903087
135.00	230.7862185
135.20	230.2736782
135.40	229.7491149
135.60	229.1934953
135.80	228.6429564
136.00	228.1083239
136.20	227.5480696
136.40	226.9743815
136.60	226.4245795
136.80	225.8710543
137.00	225.3113139
137.20	224.7906241
137.40	224.2753448
137.60	223.764797
137.80	223.2488583
138.00	222.7067695
138.20	222.1771498
138.40	221.6315074
138.60	221.0428535
138.80	220.4561292
139.00	219.8390321
139.20	219.2348986
139.40	218.6401556
139.60	218.0524326
139.80	217.449991
140.00	216.8799438
140.20	216.3333415
140.40	215.7562695
140.60	215.2286374
140.80	214.7099208
141.00	214.1933809
141.20	213.6853396
141.40	213.2271794
141.60	212.762358
141.80	212.2863814
142.00	211.8112725
142.20	211.2904616
142.40	210.7599983
142.60	210.2389061
142.80	209.6794033
143.00	209.114684
143.20	208.5798624
143.40	208.0291683
143.60	207.486299
143.80	206.9243964
144.00	206.3413129
144.20	205.7675133
144.40	205.2482586
144.60	204.7640258
144.80	204.269365
145.00	203.7924575
145.20	203.3542856
145.40	202.9101651
145.60	202.4095994
145.80	201.8615185
146.00	201.3125649
146.20	200.7344312
146.40	200.1428637
146.60	199.5331308
146.80	198.9580949
147.00	198.3967111
147.20	197.8349733
147.40	197.2873384
147.60	196.7565406
147.80	196.2346194
148.00	195.7215944
148.20	195.2122538
148.40	194.6699808
148.60	194.1253952
148.80	193.6105667
149.00	193.0603429
149.20	192.5302044
149.40	192.0056508
149.60	191.4811118
149.80	190.9266509
150.00	190.3903069
150.20	189.8357103
150.40	189.29622
150.60	188.7895458
150.80	188.2462353
151.00	187.715263
151.20	187.2351704
151.40	186.770252
151.60	186.2600824
151.80	185.7400423
152.00	185.2625192
152.20	184.7250069
152.40	184.1778373
152.60	183.6450567
152.80	183.094479
153.00	182.5330661
153.20	181.9940412
153.40	181.479969
153.60	180.9789379
153.80	180.4356468
154.00	179.9054889
154.20	179.3682529
154.40	178.8058607
154.60	178.2651681
154.80	177.7316844
155.00	177.19169
155.20	176.640419
155.40	176.0718698
155.60	175.4919084
155.80	174.9271407
156.00	174.3600362
156.20	173.7972658
156.40	173.2355814
156.60	172.6642252
156.80	172.0980176
157.00	171.5564814
157.20	170.966058
157.40	170.3657884
157.60	169.8000656
157.80	169.2307989
158.00	168.6576441
158.20	168.0668862
158.40	167.5169242
158.60	166.9861943
158.80	166.4366104
159.00	165.8727589
159.20	165.3415006
159.40	164.8195406
159.60	164.3008483
159.80	163.7470806
160.00	163.2052584
160.20	162.6642944
160.40	162.094601
160.60	161.5403292
160.80	160.9794738
161.00	160.44456
161.20	159.8997272
161.40	159.3799925
161.60	158.8703562
161.80	158.3294309
162.00	157.8080188
162.20	157.2774683
162.40	156.7339735
162.60	156.1504295
162.80	155.5586971
163.00	154.9690446
163.20	154.331072
163.40	153.697516
163.60	153.0645272
163.80	152.4645581
164.00	151.8831277
164.20	151.2858638
164.40	150.7259247
164.60	150.1943463
164.80	149.6595198
165.00	149.1144495
165.20	148.5606915
165.40	148.0243185
165.60	147.4586345
165.80	146.8827551
166.00	146.339973
166.20	145.7494672
166.40	145.1868084
166.60	144.6304713
166.80	144.0860215
167.00	143.5593832
167.20	143.0152243
167.40	142.48001
167.60	141.9452804
167.80	141.3868975
168.00	140.8556827
168.20	140.2572504
168.40	139.6617609
168.60	139.0717884
168.80	138.4548949
169.00	137.8204081
169.20	137.1958306
169.40	136.556869
169.60	135.9102234
169.80	135.2479042
170.00	134.6075318
170.20	133.9797692
170.40	133.3405749
170.60	132.7521053
170.80	132.1859268
171.00	131.5981358
171.20	131.0736647
171.40	130.5906875
171.60	130.0996142
171.80	129.6382397
172.00	129.1413391
172.20	128.632527
172.40	128.1121572
172.60	127.5394387
172.80	126.9450691
173.00	126.3233616
173.20	125.7233973
173.40	125.1534713
173.60	124.5749013
173.80	124.019621
174.00	123.4648159
174.20	122.9026758
174.40	122.3354404
174.60	121.753152
174.80	121.1762933
175.00	120.6291916
175.20	120.0610933
175.40	119.4576046
175.60	118.8648105
175.80	118.2804762
176.00	117.707685
176.20	117.1189972
176.40	116.5433893
176.60	115.9282703
176.80	115.34652
177.00	114.7486646
177.20	114.1581927
177.40	113.5637843
177.60	112.9866444
177.80	112.4468972
178.00	111.8503508
178.20	111.2697834
178.40	110.7302931
178.60	110.1716629
178.80	109.6103712
179.00	109.0111584
179.20	108.417739
179.40	107.8153265
179.60	107.1895757
179.80	106.6038016
180.00	106.0318927
180.20	105.4845002
180.40	104.9146954
180.60	104.3575971
180.80	103.8310316
181.00	103.2953325
181.20	102.7539224
181.40	102.1903375
181.60	101.6208187
181.80	101.0647289
182.00	100.550167
182.20	100.0324539
182.40	99.5321161
182.60	99.06254366
182.80	98.56451347
183.00	98.02603157
183.20	97.46866186
183.40	96.85942339
183.60	96.23819098
183.80	95.60526034
184.00	94.96611456
184.20	94.36272763
184.40	93.78947587
184.60	93.22015584
184.80	92.69002704
185.00	92.15453635
185.20	91.62569712
185.40	91.10509464
185.60	90.57085474
185.80	90.0623868
186.00	89.57702928
186.20	89.1056437
186.40	88.63403026
186.60	88.11931325
186.80	87.61080653
187.00	87.0796451
187.20	86.53922885
187.40	85.99079885
187.60	85.4431009
187.80	84.87598186
188.00	84.32002291
188.20	83.77215528
188.40	83.22452035
188.60	82.69587019
188.80	82.1676515
189.00	81.64514376
189.20	81.11968843
189.40	80.58238944
189.60	80.06979101
189.80	79.54416115
190.00	79.01353301
190.20	78.49657622
190.40	77.97106757
190.60	77.45728622
190.80	76.95603211
191.00	76.42747891
191.20	75.8810269
191.40	75.35032603
191.60	74.81061274
191.80	74.26618718
192.00	73.73377982
192.20	73.23191002
192.40	72.71360549
192.60	72.20359589
192.80	71.68294493
193.00	71.15575886
193.20	70.62993024
193.40	70.07646802
193.60	69.49111565
193.80	68.90976773
194.00	68.2994627
194.20	67.69983298
194.40	67.08718152
194.60	66.48907406
194.80	65.9057627
195.00	65.35592678
195.20	64.81757578
195.40	64.28229355
195.60	63.75151997
195.80	63.21023107
196.00	62.68982251
196.20	62.15713882
196.40	61.61535058
196.60	61.08121248
196.80	60.52062854
197.00	59.96884858
197.20	59.39541259
197.40	58.79858501
197.60	58.21615598
197.80	57.64012147
198.00	57.05973346
198.20	56.48430979
198.40	55.89953434
198.60	55.36832443
198.80	54.85688952
199.00	54.35907264
199.20	53.85633019
199.40	53.36248382
199.60	52.82072952
199.80	52.25058048
200.00	51.70771598
200.20	51.15133526
200.40	50.57221258
200.60	49.9880819
200.80	49.4019684
201.00	48.80850048
201.20	48.21253099
201.40	47.61820982
201.60	47.05120229
201.80	46.50168634
202.00	45.94841803
202.20	45.43657104
202.40	44.91476626
202.60	44.38162685
202.80	43.85941483
203.00	43.33800274
203.20	42.78861768
203.40	42.2487541
203.60	41.67307834
203.80	41.07630893
204.00	40.46633357
204.20	39.8488729
204.40	39.25300037
204.60	38.63249515
204.80	38.01540778
205.00	37.42743264
205.20	36.84723854
205.40	36.30419952
205.60	35.72041306
205.80	35.09704752
206.00	34.51043467
206.20	33.9187993
206.40	33.33178406
206.60	32.75271955
206.80	32.19427358
207.00	31.67562
207.20	31.16186774
207.40	30.64314144
207.60	30.15616469
207.80	29.68459488
208.00	29.19830654
208.20	28.686828
208.40	28.16978395
208.60	27.59477237
208.80	27.02281987
209.00	26.4703224
209.20	25.90230648
209.40	25.35852086
209.60	24.81354264
209.80	24.27524496
210.00	23.73525533
210.20	23.18161858
210.40	22.58983776
210.60	22.00013674
210.80	21.41199677
211.00	20.79418704
211.20	20.14678997
211.40	19.54394602
211.60	18.91146139
211.80	18.29102405
212.00	17.67736906
212.20	17.05274789
212.40	16.45098019
212.60	15.86095435
212.80	15.23401099
213.00	14.61766536
213.20	14.04180538
213.40	13.45476106
213.60	12.89161738
213.80	12.32129866
214.00	11.7874369
214.20	11.24744242
214.40	10.68477384
214.60	10.14592349
214.80	9.6089784
215.00	9.086839104
215.20	8.575302384
215.40	8.048630208
215.60	7.528599792
215.80	6.97091496
216.00	6.423401232
216.20	5.8821996
216.40	5.29248888
216.60	4.702812096
216.80	4.126583664
217.00	3.554490576
217.20	2.965221024
217.40	2.36807832
217.60	1.786759488
217.80	1.201756176
218.00	0.600221184
218.20	-0.007141104
218.40	-0.584319744
218.60	-1.209328752
218.80	-1.848290304
219.00	-2.428906176
219.20	-3.016881312
219.40	-3.618290256
219.60	-4.1752188
219.80	-4.717545168
220.00	-5.257956576
220.20	-5.799085488
220.40	-6.342037248
220.60	-6.8566476
220.80	-7.371170688
221.00	-7.948848672
221.20	-8.535553632
221.40	-9.09732048
221.60	-9.691219872
221.80	-10.30942229
222.00	-10.92413899
222.20	-11.53598568
222.40	-12.14560714
222.60	-12.74545502
222.80	-13.33654742
223.00	-13.90099037
223.20	-14.44625462
223.40	-15.00021619
223.60	-15.54034157
223.80	-16.06711555
224.00	-16.61834285
224.20	-17.18662056
224.40	-17.75866032
224.60	-18.35476555
224.80	-18.90672005
225.00	-19.47446933
225.20	-20.06110157
225.40	-20.62419677
225.60	-21.1962947
225.80	-21.79491605
226.00	-22.38569333
226.20	-22.94088144
226.40	-23.5052759
226.60	-24.07477046
226.80	-24.62081525
227.00	-25.16283619
227.20	-25.70809075
227.40	-26.26107787
227.60	-26.82057101
227.80	-27.39685762
228.00	-27.98736341
228.20	-28.56594312
228.40	-29.15192573
228.60	-29.7451561
228.80	-30.32522899
229.00	-30.89983819
229.20	-31.48938408
229.40	-32.08243992
229.60	-32.67734285
229.80	-33.27771917
230.00	-33.85391851
230.20	-34.45059581
230.40	-35.05534987
230.60	-35.64743611
230.80	-36.24459821
231.00	-36.82084603
231.20	-37.37200546
231.40	-37.92220498
231.60	-38.43549182
231.80	-38.98843531
232.00	-39.5759208
232.20	-40.16697926
232.40	-40.7549544
232.60	-41.33241422
232.80	-41.92883458
233.00	-42.54710971
233.20	-43.14681216
233.40	-43.68433901
233.60	-44.22088656
233.80	-44.75109293
234.00	-45.2504951
234.20	-45.7925015
234.40	-46.34764598
234.60	-46.89016627
234.80	-47.44630459
235.00	-48.02648414
235.20	-48.62286086
235.40	-49.23635587
235.60	-49.84223467
235.80	-50.4523991
236.00	-51.0901632
236.20	-51.70822018
236.40	-52.29224419
236.60	-52.87755293
236.80	-53.44111838
237.00	-53.97326395
237.20	-54.48831062
237.40	-55.02816451
237.60	-55.56962309
237.80	-56.13786686
238.00	-56.70019123
238.20	-57.26501232
238.40	-57.8557896
238.60	-58.43556192
238.80	-59.01207638
239.00	-59.59032643
239.20	-60.12989914
239.40	-60.67482403
239.60	-61.27786675
239.80	-61.88114702
240.00	-62.49261557
240.20	-63.1111428
240.40	-63.71766154
240.60	-64.3136989
240.80	-64.87567906
241.00	-65.42634883
241.20	-65.96196557
241.40	-66.4591813
241.60	-66.96428472
241.80	-67.46288698
242.00	-67.96037419
242.20	-68.47802424
242.40	-69.0121284
242.60	-69.55058122
242.80	-70.10412586
243.00	-70.65548405
243.20	-71.21946643
243.40	-71.81321069
243.60	-72.40469578
243.80	-73.00600776
244.00	-73.6036789
244.20	-74.18862888
244.40	-74.75756592
244.60	-75.32386565
244.80	-75.88987934
245.00	-76.44305554
245.20	-77.01916277
245.40	-77.62927387
245.60	-78.21960029
245.80	-78.80446786
246.00	-79.39683528
246.20	-79.98305544
246.40	-80.54653363
246.60	-81.06580776
246.80	-81.58157194
247.00	-82.0856088
247.20	-82.58839488
247.40	-83.09863234
247.60	-83.62072315
247.80	-84.18682411
248.00	-84.74596819
248.20	-85.32668587
248.40	-85.92646104
248.60	-86.508924
248.80	-87.11047838
249.00	-87.71434042
249.20	-88.26706574
249.40	-88.81456493
249.60	-89.37343752
249.80	-89.92232323
250.00	-90.46976424
250.20	-90.99226229
250.40	-91.57391078
250.60	-92.13729202
250.80	-92.68065586
251.00	-93.23328907
251.20	-93.80547912
251.40	-94.35488842
251.60	-94.89516408
251.80	-95.47052957
252.00	-96.05205686
252.20	-96.59623517
252.40	-97.19042544
252.60	-97.80510336
252.80	-98.38975762
253.00	-98.93068776
253.20	-99.50717798
253.40	-100.085525
253.60	-100.6544572
253.80	-101.2453799
254.00	-101.8421978
254.20	-102.4401259
254.40	-103.0191031
254.60	-103.5883068
254.80	-104.1862397
255.00	-104.7780302
255.20	-105.3758129
255.40	-105.9670604
255.60	-106.5454365
255.80	-107.1054193
256.00	-107.6640834
256.20	-108.2251958
256.40	-108.786856
256.60	-109.334457
256.80	-109.8876962
257.00	-110.4412505
257.20	-111.0170426
257.40	-111.5889903
257.60	-112.1986457
257.80	-112.820329
258.00	-113.4156537
258.20	-113.9965895
258.40	-114.5683917
258.60	-115.153332
258.80	-115.7388492
259.00	-116.2828869
259.20	-116.8336876
259.40	-117.3901944
259.60	-117.9748147
259.80	-118.526391
260.00	-119.0896074
260.20	-119.6430696
260.40	-120.1945006
260.60	-120.772867
260.80	-121.3382698
261.00	-121.9120452
261.20	-122.4965588
261.40	-123.0610551
261.60	-123.6602
261.80	-124.2720806
262.00	-124.8531668
262.20	-125.4172364
262.40	-126.0081737
262.60	-126.620287
262.80	-127.2178515
263.00	-127.7888295
263.20	-128.367225
263.40	-128.9720712
263.60	-129.5864873
263.80	-130.1944411
264.00	-130.7750618
264.20	-131.3922073
264.40	-132.0335638
264.60	-132.6472382
264.80	-133.2748845
265.00	-133.8735398
265.20	-134.4994554
265.40	-135.1349409
265.60	-135.7783093
265.80	-136.3778566
266.00	-136.9990066
266.20	-137.5846111
266.40	-138.1520064
266.60	-138.7401367
266.80	-139.3105282
267.00	-139.8592684
267.20	-140.4299895
267.40	-140.9738139
267.60	-141.5464112
267.80	-142.1436654
268.00	-142.7458404
268.20	-143.3443793
268.40	-143.9517561
268.60	-144.5651105
268.80	-145.1966013
269.00	-145.8589157
269.20	-146.5118055
269.40	-147.192329
269.60	-147.8629625
269.80	-148.5208167
270.00	-149.1412347
270.20	-149.7413007
270.40	-150.3169183
270.60	-150.8948775
270.80	-151.4552239
271.00	-151.9860459
271.20	-152.5578384
271.40	-153.1584038
271.60	-153.7543879
271.80	-154.3578815
272.00	-154.982745
272.20	-155.6380346
272.40	-156.2956513
272.60	-156.9536752
272.80	-157.599453
273.00	-158.2300227
273.20	-158.8486275
273.40	-159.4400399
273.60	-160.0218968
273.80	-160.6125674
274.00	-161.1631742
274.20	-161.7448081
274.40	-162.3537363
274.60	-162.9512475
274.80	-163.586733
275.00	-164.2216271
275.20	-164.82004
275.40	-165.4228645
275.60	-166.0355645
275.80	-166.6242183
276.00	-167.2212447
276.20	-167.7973762
276.40	-168.3841151
276.60	-168.9320457
276.80	-169.4488571
277.00	-169.9576983
277.20	-170.4762307
277.40	-171.0033828
277.60	-171.5292454
277.80	-172.0782911
278.00	-172.6578404
278.20	-173.2191757
278.40	-173.7970428
278.60	-174.3865644
278.80	-174.9881091
279.00	-175.5667761
279.20	-176.1466308
279.40	-176.7456449
279.60	-177.3280012
279.80	-177.915603
280.00	-178.476027
280.20	-179.0195217
280.40	-179.5978493
280.60	-180.1637321
280.80	-180.7288392
281.00	-181.2869701
281.20	-181.825452
281.40	-182.4189684
281.60	-182.9747286
281.80	-183.485606
282.00	-183.9736832
282.20	-184.4829317
282.40	-184.9917293
282.60	-185.5045168
282.80	-186.0435562
283.00	-186.5732826
283.20	-187.0994409
283.40	-187.6308981
283.60	-188.185708
283.80	-188.7310353
284.00	-189.2541539
284.20	-189.7853638
284.40	-190.3297166
284.60	-190.8594867
284.80	-191.3920249
285.00	-191.941919
285.20	-192.4956334
285.40	-193.0629706
285.60	-193.6107364
285.80	-194.1451702
286.00	-194.6939396
286.20	-195.2496125
286.40	-195.8021245
286.60	-196.3418232
286.80	-196.889623
287.00	-197.4210074
287.20	-197.9625581
287.40	-198.5041718
287.60	-199.0223746
287.80	-199.5481499
288.00	-200.0824188
288.20	-200.620605
288.40	-201.1551213
288.60	-201.697501
288.80	-202.298493
289.00	-202.9364752
289.20	-203.5454083
289.40	-204.1461627
289.60	-204.7612964
289.80	-205.3607031
290.00	-205.9603134
290.20	-206.5318975
290.40	-207.0666222
290.60	-207.5762682
290.80	-208.1303655
291.00	-208.6900768
291.20	-209.1960432
291.40	-209.7224826
291.60	-210.3075199
291.80	-210.8841749
292.00	-211.4750589
292.20	-212.0588114
292.40	-212.6598858
292.60	-213.2657937
292.80	-213.8664415
293.00	-214.4602391
293.20	-215.0475985
293.40	-215.6704502
293.60	-216.2614214
293.80	-216.8384449
294.00	-217.3591346
294.20	-217.920756
294.40	-218.4594997
294.60	-218.9634639
294.80	-219.4955658
295.00	-220.0412906
295.20	-220.5944135
295.40	-221.170545
295.60	-221.7894552
295.80	-222.3953146
296.00	-223.012751
296.20	-223.6031696
296.40	-224.1955079
296.60	-224.815475
296.80	-225.4180668
297.00	-226.0095277
297.20	-226.6063116
297.40	-227.2154241
297.60	-227.8222191
297.80	-228.4444405
298.00	-229.0524622
298.20	-229.6371213
298.40	-230.255474
298.60	-230.8380581
298.80	-231.4351572
299.00	-232.0385005
299.20	-232.6324726
299.40	-233.2360728
299.60	-233.8324835
299.80	-234.4279343
300.00	-235.0412111
300.20	-235.6163439
300.40	-236.2057056
300.60	-236.8101784
300.80	-237.4181758
301.00	-237.9996643
301.20	-238.5681263
301.40	-239.152446
301.60	-239.6742702
301.80	-240.2078265
302.00	-240.7371554
302.20	-241.2806695
302.40	-241.8214445
302.60	-242.3773404
302.80	-242.9783131
303.00	-243.5836004
303.20	-244.1995582
303.40	-244.8093639
303.60	-245.3880648
303.80	-245.9832877
304.00	-246.5858262
304.20	-247.2414504
304.40	-247.8823899
304.60	-248.5497898
304.80	-249.2077895
305.00	-249.8730272
305.20	-250.5078291
305.40	-251.1572721
305.60	-251.7380528
305.80	-252.3348319
306.00	-252.905136
306.20	-253.4323464
306.40	-253.9613165
306.60	-254.5073661
306.80	-255.0661272
307.00	-255.6397377
307.20	-256.2290121
307.40	-256.8253549
307.60	-257.4174557
307.80	-258.0212208
308.00	-258.586163
308.20	-259.1815702
308.40	-259.7683575
308.60	-260.3518046
308.80	-260.9656487
309.00	-261.5787704
309.20	-262.2189246
309.40	-262.8559954
309.60	-263.458403
309.80	-264.0811189
310.00	-264.6735494
310.20	-265.2793021
310.40	-265.8794312
310.60	-266.4985984
310.80	-267.0998037
311.00	-267.6748541
311.20	-268.2785367
311.40	-268.8982469
311.60	-269.4989529
311.80	-270.0841501
312.00	-270.6700551
312.20	-271.2238276
312.40	-271.7443041
312.60	-272.2822769
312.80	-272.7843988
313.00	-273.2760248
313.20	-273.7790727
313.40	-274.2715907
313.60	-274.8160744
313.80	-275.3319162
314.00	-275.8705144
314.20	-276.4146976
314.40	-276.973032
314.60	-277.5319434
314.80	-278.0761751
315.00	-278.6415197
315.20	-279.2022443
315.40	-279.770745
315.60	-280.3693324
315.80	-280.9561052
316.00	-281.5417048
316.20	-282.1113497
316.40	-282.694055
316.60	-283.3269663
316.80	-283.9653267
317.00	-284.5825401
317.20	-285.2221998
317.40	-285.8516835
317.60	-286.4881483
317.80	-287.1081978
318.00	-287.6905929
318.20	-288.2480111
318.40	-288.8076448
318.60	-289.35001
318.80	-289.9043352
319.00	-290.4562896
319.20	-291.0123649
319.40	-291.6207405
319.60	-292.2488086
319.80	-292.9000792
320.00	-293.4934211
320.20	-294.1054908
320.40	-294.6989441
320.60	-295.2820907
320.80	-295.8357226
321.00	-296.4202459
321.20	-296.9899683
321.40	-297.580639
321.60	-298.1709169
321.80	-298.7973803
322.00	-299.4919969
322.20	-300.1325777
322.40	-300.8202083
322.60	-301.5061761
322.80	-302.1568552
323.00	-302.8146658
323.20	-303.4337312
323.40	-304.0489036
323.60	-304.6664079
323.80	-305.296614
324.00	-305.8873524
324.20	-306.4541758
324.40	-307.0653146
324.60	-307.661415
324.80	-308.2709638
325.00	-308.8605824
325.20	-309.4503125
325.40	-310.0193998
325.60	-310.5823447
325.80	-311.1227804
326.00	-311.6761456
326.20	-312.2577699
326.40	-312.8187077
326.60	-313.3889828
326.80	-313.9476421
327.00	-314.5550674
327.20	-315.1339477
327.40	-315.7105494
327.60	-316.3374395
327.80	-316.9413306
328.00	-317.5435734
328.20	-318.1783317
328.40	-318.8057647
328.60	-319.3998289
328.80	-320.0366671
329.00	-320.6944486
329.20	-321.3197388
329.40	-321.9688714
329.60	-322.5889791
329.80	-323.2252839
330.00	-323.8927129
330.20	-324.5490837
330.40	-325.1663068
330.60	-325.7987332
330.80	-326.4523503
331.00	-327.0672706
331.20	-327.6703279
331.40	-328.2553942
331.60	-328.8232017
331.80	-329.3794709
332.00	-329.9822276
332.20	-330.5742072
332.40	-331.1715874
332.60	-331.7942403
332.80	-332.3766645
333.00	-332.9805507
333.20	-333.5557562
333.40	-334.1342244
333.60	-334.7187042
333.80	-335.2781925
334.00	-335.8893847
334.20	-336.5161341
334.40	-337.1500828
334.60	-337.7729927
334.80	-338.4049198
335.00	-338.9958861
335.20	-339.6011735
335.40	-340.2034647
335.60	-340.7961715
335.80	-341.3959661
336.00	-342.0160156
336.20	-342.6261073
336.40	-343.2182711
336.60	-343.8483511
336.80	-344.4736074
337.00	-345.0613692
337.20	-345.6590985
337.40	-346.2775918
337.60	-346.872902
337.80	-347.4758283
338.00	-348.1012979
338.20	-348.6691975
338.40	-349.235056
338.60	-349.8483329
338.80	-350.4448405
339.00	-351.0635277
339.20	-351.7073712
339.40	-352.3184471
339.60	-352.9480374
339.80	-353.5712963
340.00	-354.1631741
340.20	-354.7322178
340.40	-355.292346
340.60	-355.8693744
340.80	-356.4093204
341.00	-356.9835999
341.20	-357.5650642
341.40	-358.1455928
341.60	-358.7096576
341.80	-359.2852073
342.00	-359.8681938
342.20	-360.448897
342.40	-361.0652426
342.60	-361.6663897
342.80	-362.2547818
343.00	-362.8402845
343.20	-363.4456009
343.40	-364.0448331
343.60	-364.6377289
343.80	-365.2489454
344.00	-365.8627943
344.20	-366.4770601
344.40	-367.0485375
344.60	-367.6681944
344.80	-368.3139528
345.00	-368.8996009
345.20	-369.4814821
345.40	-370.0729623
345.60	-370.6813282
345.80	-371.2796974
346.00	-371.8593097
346.20	-372.432387
346.40	-372.9983813
346.60	-373.5916747
346.80	-374.187935
347.00	-374.7725263
347.20	-375.3718845
347.40	-375.9929715
347.60	-376.6154062
347.80	-377.2187931
348.00	-377.8450529
348.20	-378.4408188
348.40	-379.0394498
348.60	-379.6060308
348.80	-380.1711039
349.00	-380.7316394
349.20	-381.2892806
349.40	-381.8693244
349.60	-382.4589236
349.80	-383.022397
350.00	-383.6051023
350.20	-384.1763664
350.40	-384.7518531
350.60	-385.3281009
350.80	-385.8886509
351.00	-386.4930511
351.20	-387.1029489
351.40	-387.6931977
351.60	-388.3215373
351.80	-388.9562665
352.00	-389.6067518
352.20	-390.2730997
352.40	-390.8743777
352.60	-391.5127818
352.80	-392.1234407
353.00	-392.712686
353.20	-393.2842846
353.40	-393.8716974
353.60	-394.4668815
353.80	-395.0708308
354.00	-395.6408586
354.20	-396.2265116
354.40	-396.7803083
354.60	-397.3642887
354.80	-397.9511827
355.00	-398.5250065
355.20	-399.1064369
355.40	-399.6898113
355.60	-400.3084161
355.80	-400.9239036
356.00	-401.5183169
356.20	-402.1789781
356.40	-402.8211005
356.60	-403.4730353
356.80	-404.0957609
357.00	-404.7227188
357.20	-405.3304544
357.40	-405.9026445
357.60	-406.4696811
357.80	-407.0363105
358.00	-407.6202521
358.20	-408.1966405
358.40	-408.7730095
358.60	-409.3503869
358.80	-409.9253937
359.00	-410.5086856
359.20	-411.1079954
359.40	-411.6813053
359.60	-412.2788795
359.80	-412.877976
360.00	-413.4367467
360.20	-414.0692217
360.40	-414.6817083
360.60	-415.2671722
360.80	-415.8536735
361.00	-416.4381144
361.20	-417.0269962
361.40	-417.6028998
361.60	-418.1596974
361.80	-418.7077105
362.00	-419.3105205
362.20	-419.900653
362.40	-420.5325801
362.60	-421.1608373
362.80	-421.7907912
363.00	-422.4182243
363.20	-423.0567107
363.40	-423.6795381
363.60	-424.2494448
363.80	-424.8403723
364.00	-425.4762651
364.20	-426.0439659
364.40	-426.6149682
364.60	-427.21485
364.80	-427.7689861
365.00	-428.3051361
365.20	-428.8673538
365.40	-429.4076489
365.60	-429.9308984
365.80	-430.4918604
366.00	-431.1109694
366.20	-431.7364778
366.40	-432.3529543
366.60	-432.9892058
366.80	-433.6233776
367.00	-434.2016955
367.20	-434.762037
367.40	-435.3629951
367.60	-435.9579174
367.80	-436.5653815
368.00	-437.1441455
368.20	-437.7486232
368.40	-438.3597912
368.60	-438.9365868
368.80	-439.5400319
369.00	-440.1365735
369.20	-440.6622421
369.40	-441.2261663
369.60	-441.7846317
369.80	-442.3319418
370.00	-442.9027356
370.20	-443.4707855
370.40	-444.0840865
370.60	-444.6895872
370.80	-445.3115808
371.00	-445.9768766
371.20	-446.6163036
371.40	-447.2404981
371.60	-447.8717562
371.80	-448.4962513
372.00	-449.0998225
372.20	-449.6937219
372.40	-450.3084677
372.60	-450.9327252
372.80	-451.5580348
373.00	-452.1785304
373.20	-452.8210649
373.40	-453.442307
373.60	-454.0347374
373.80	-454.6278951
374.00	-455.2117737
374.20	-455.7932767
374.40	-456.3652001
374.60	-456.9248096
374.80	-457.5101184
375.00	-458.0752303
375.20	-458.6386406
375.40	-459.2201292
375.60	-459.8166756
375.80	-460.4151272
376.00	-461.0319964
376.20	-461.6471882
376.40	-462.2464932
376.60	-462.8972547
376.80	-463.5522826
377.00	-464.1904587
377.20	-464.8158265
377.40	-465.4513508
377.60	-466.1062041
377.80	-466.7362066
378.00	-467.344713
378.20	-467.9869615
378.40	-468.5668114
378.60	-469.1391275
378.80	-469.7585225
379.00	-470.3480829
379.20	-470.9629208
379.40	-471.57676
379.60	-472.155873
379.80	-472.7200154
380.00	-473.3169205
380.20	-473.9017978
380.40	-474.4889633
380.60	-475.117492
380.80	-475.7003719
381.00	-476.3523988
381.20	-476.9643182
381.40	-477.5503541
381.60	-478.1587733
381.80	-478.7627517
382.00	-479.3576158
382.20	-479.9373978
382.40	-480.4946512
382.60	-481.1115349
382.80	-481.7286611
383.00	-482.3557354
383.20	-482.9922923
383.40	-483.661006
383.60	-484.2580324
383.80	-484.8853248
384.00	-485.5410847
384.20	-486.1879727
384.40	-486.8283208
384.60	-487.4304278
384.80	-487.9912784
385.00	-488.5554984
385.20	-489.1343786
385.40	-489.6913605
385.60	-490.2572869
385.80	-490.7927776
386.00	-491.3212872
386.20	-491.8869906
386.40	-492.4858932
386.60	-493.0674495
386.80	-493.6523656
387.00	-494.2719691
387.20	-494.9280683
387.40	-495.5852292
387.60	-496.2877335
387.80	-496.9439734
388.00	-497.5887137
388.20	-498.2615046
388.40	-498.8800561
388.60	-499.4958491
388.80	-500.1259921
389.00	-500.7181511
389.20	-501.3361499
389.40	-501.9346403
389.60	-502.5285736
389.80	-503.1105615
390.00	-503.6867414
390.20	-504.2687002
390.40	-504.8669822
390.60	-505.4663744
390.80	-506.0901132
391.00	-506.7066188
391.20	-507.30365
391.40	-507.9255708
391.60	-508.5251666
391.80	-509.1218682
392.00	-509.749466
392.20	-510.3344596
392.40	-510.9554303
392.60	-511.5273149
392.80	-512.1104226
393.00	-512.6992607
393.20	-513.3234359
393.40	-513.8951799
393.60	-514.5321635
393.80	-515.1749743
394.00	-515.8252123
394.20	-516.4490917
394.40	-517.049216
394.60	-517.5777837
394.80	-518.1272609
395.00	-518.7243503
395.20	-519.333516
395.40	-519.9723079
395.60	-520.6265552
395.80	-521.3094299
396.00	-521.9552029
396.20	-522.5791599
396.40	-523.2107719
396.60	-523.7972247
396.80	-524.36893
397.00	-525.0153041
397.20	-525.631131
397.40	-526.2188395
397.60	-526.782308
397.80	-527.3726393
398.00	-527.9540308
398.20	-528.4890464
398.40	-529.0559909
398.60	-529.6172827
398.80	-530.1966575
399.00	-530.8054693
399.20	-531.3965132
399.40	-532.0077588
399.60	-532.6501478
399.80	-533.2873253
400.00	-533.904689
400.20	-534.5056811
400.40	-535.1395183
400.60	-535.76205
400.80	-536.3748517
401.00	-536.9730997
401.20	-537.5910501
401.40	-538.2545813
401.60	-538.9088431
401.80	-539.5455067
402.00	-540.1987844
402.20	-540.8550824
402.40	-541.4783074
402.60	-542.1134148
402.80	-542.6927847
403.00	-543.2944506
403.20	-543.8782904
403.40	-544.428456
403.60	-545.0295837
403.80	-545.6270609
404.00	-546.2429848
404.20	-546.7985753
404.40	-547.4056709
404.60	-547.9849633
404.80	-548.5672905
405.00	-549.1265849
405.20	-549.7303257
405.40	-550.322058
405.60	-550.9008462
405.80	-551.522641
406.00	-552.1077073
406.20	-552.7331042
406.40	-553.3419257
406.60	-553.962906
406.80	-554.5635393
407.00	-555.1523386
407.20	-555.8003465
407.40	-556.4149905
407.60	-557.0666199
407.80	-557.6815838
408.00	-558.3288112
408.20	-558.9547753
408.40	-559.5800073
408.60	-560.247926
408.80	-560.9056929
409.00	-561.502506
409.20	-562.1274616
409.40	-562.720629
409.60	-563.3071933
409.80	-563.9466445
410.00	-564.5649585
410.20	-565.1461561
410.40	-565.7428188
410.60	-566.3804666
410.80	-566.9873295
411.00	-567.6200905
411.20	-568.2320293
411.40	-568.8228599
411.60	-569.4275267
411.80	-570.0163842
412.00	-570.5740011
412.20	-571.1404318
412.40	-571.7002788
412.60	-572.2694388
412.80	-572.8620681
413.00	-573.4673069
413.20	-574.1132787
413.40	-574.7568216
413.60	-575.3947214
413.80	-576.0275745
414.00	-576.7026294
414.20	-577.3333397
414.40	-577.9913587
414.60	-578.6632721
414.80	-579.2814018
415.00	-579.9303745
415.20	-580.5945844
415.40	-581.2140328
415.60	-581.8172888
415.80	-582.4328588
416.00	-583.0877072
416.20	-583.6791341
416.40	-584.2948883
416.60	-584.9073216
416.80	-585.4798801
417.00	-586.0447981
417.20	-586.600248
417.40	-587.2225907
417.60	-587.7874845
417.80	-588.3300581
418.00	-588.9254846
418.20	-589.4994732
418.40	-590.1014252
418.60	-590.7353012
418.80	-591.3521849
419.00	-591.9772667
419.20	-592.6035216
419.40	-593.2148447
419.60	-593.8118856
419.80	-594.4081072
420.00	-594.991947
420.20	-595.5435815
420.40	-596.1301362
420.60	-596.7148535
420.80	-597.3155546
421.00	-597.9540604
421.20	-598.5851149
421.40	-599.2107541
421.60	-599.8625726
421.80	-600.4919933
422.00	-601.1312554
422.20	-601.7691795
422.40	-602.4071714
422.60	-603.041731
422.80	-603.6407256
423.00	-604.2447574
423.20	-604.8888966
423.40	-605.4628271
423.60	-606.0620835
423.80	-606.7180858
424.00	-607.3171725
424.20	-607.9563231
424.40	-608.590587
424.60	-609.2203713
424.80	-609.8555077
425.00	-610.5091442
425.20	-611.155082
425.40	-611.7837125
425.60	-612.4319919
425.80	-613.0483084
426.00	-613.6713879
426.20	-614.2699317
426.40	-614.8482205
426.60	-615.4224031
426.80	-615.9962948
427.00	-616.5417191
427.20	-617.1133564
427.40	-617.6944862
427.60	-618.2932966
427.80	-618.8220728
428.00	-619.3989897
428.20	-619.9485056
428.40	-620.5416584
428.60	-621.1326732
428.80	-621.7405737
429.00	-622.3558382
429.20	-623.0007822
429.40	-623.6254276
429.60	-624.2384087
429.80	-624.8484083
430.00	-625.465326
