X(mm)	Measured heigth (nm)	Residual Heigth (nm)	Slope (micror-rad)	Residual slope (microrad)
-221.34	5.58	-12.68	0.519608	0.669682
-220.32	6.11	-11.90	0.47549	0.624692
-219.30	6.55	-11.21	0.730392	0.878721
-218.28	7.60	-9.90	0.779412	0.926868
-217.26	8.14	-9.12	0.421569	0.568152
-216.24	8.46	-8.55	0.284314	0.430024
-215.22	8.72	-8.04	0.205882	0.35072
-214.20	8.88	-7.64	0.215686	0.359651
-213.18	9.16	-7.12	0.220588	0.363681
-212.16	9.33	-6.70	0.171569	0.313788
-211.14	9.51	-6.28	-0.0931373	0.0482096
-210.12	9.14	-6.41	-0.411765	-0.271291
-209.10	8.67	-6.64	-0.161765	-0.0221634
-208.08	8.81	-6.26	0.303922	0.44265
-207.06	9.29	-5.54	0.480392	0.618248
-206.04	9.79	-4.80	0.196078	0.333061
-205.02	9.69	-4.67	-0.0294118	0.106698
-204.00	9.73	-4.39	0.0980392	0.233277
-202.98	9.89	-4.00	0.20098	0.335345
-201.96	10.14	-3.52	0.0441176	0.17761
-200.94	9.98	-3.45	-0.0294118	0.103207
-199.92	10.08	-3.13	0.215686	0.347433
-198.90	10.42	-2.55	0.240196	0.37107
-197.88	10.57	-2.18	-0.0980392	0.0319616
-196.86	10.22	-2.31	-0.259804	-0.130676
-195.84	10.04	-2.26	-0.0882353	0.04002
-194.82	10.04	-2.04	-0.0588235	0.068559
-193.80	9.92	-1.94	-0.127451	-0.000941254
-192.78	9.78	-1.85	-0.0931373	0.0324997
-191.76	9.73	-1.69	-0.151961	-0.0271966
-190.74	9.47	-1.72	-0.205882	-0.0819909
-189.72	9.31	-1.67	-0.117647	0.00537158
-188.70	9.23	-1.53	-0.0882353	0.0339106
-187.68	9.13	-1.41	-0.205882	-0.0846093
-186.66	8.81	-1.52	-0.20098	-0.0805801
-185.64	8.72	-1.40	-0.176471	-0.056943
-184.62	8.45	-1.46	-0.137255	-0.0186001
-183.60	8.44	-1.25	0.0882353	0.206017
-182.58	8.63	-0.85	0.0147059	0.131615
-181.56	8.47	-0.81	-0.166667	-0.0506302
-180.54	8.29	-0.78	-0.0490196	0.0661441
-179.52	8.37	-0.50	0.00490196	0.119193
-178.50	8.30	-0.36	-0.0245098	0.0889083
-177.48	8.32	-0.13	0.0784314	0.190977
-176.46	8.46	0.20	0.181373	0.293045
-175.44	8.69	0.63	0.27451	0.38531
-174.42	9.02	1.17	0.0980392	0.207966
-173.40	8.89	1.24	-0.186275	-0.0772202
-172.38	8.64	1.19	-0.29902	-0.190838
-171.36	8.28	1.02	-0.186275	-0.0789658
-170.34	8.26	1.20	0.156863	0.263299
-169.32	8.60	1.73	0.245098	0.350661
-168.30	8.76	2.08	0.0833333	0.188024
-167.28	8.77	2.29	-0.0882353	0.0155823
-166.26	8.58	2.29	-0.0784314	0.0245135
-165.24	8.61	2.51	0.220588	0.32266
-164.22	9.03	3.12	0.303922	0.405121
-163.20	9.23	3.51	-0.00490196	0.0954246
-162.18	9.02	3.48	-0.230392	-0.130938
-161.16	8.76	3.40	-0.22549	-0.126909
-160.14	8.56	3.39	-0.210784	-0.113076
-159.12	8.33	3.34	-0.254902	-0.158067
-158.10	8.04	3.23	-0.387255	-0.291292
-157.08	7.54	2.92	-0.465686	-0.370596
-156.06	7.09	2.64	-0.171569	-0.0773515
-155.04	7.19	2.92	0.142157	0.235501
-154.02	7.38	3.28	0.0392157	0.131687
-153.00	7.27	3.35	-0.102941	-0.0113424
-151.98	7.17	3.42	-0.132353	-0.0416269
-150.96	7.00	3.42	-0.161765	-0.0719114
-149.94	6.84	3.44	0.0686275	0.157608
-148.92	7.14	3.91	0.313725	0.401833
-147.90	7.48	4.42	0.122549	0.209784
-146.88	7.39	4.49	-0.372549	-0.286187
-145.86	6.72	3.99	-0.495098	-0.409609
-144.84	6.38	3.83	-0.205882	-0.121266
-143.82	6.30	3.91	0.156863	0.240607
-142.80	6.70	4.47	0.215686	0.298557
-141.78	6.74	4.67	-0.112745	-0.0307468
-140.76	6.47	4.57	-0.122549	-0.0414235
-139.74	6.49	4.74	-0.0637255	0.0165273
-138.72	6.34	4.76	-0.20098	-0.1216
-137.70	6.08	4.65	-0.338235	-0.259728
-136.68	5.65	4.38	-0.308824	-0.231189
-135.66	5.45	4.33	-0.161765	-0.085003
-134.64	5.32	4.36	-0.161765	-0.0858758
-133.62	5.12	4.31	-0.137255	-0.0622388
-132.60	5.04	4.38	0.0637255	0.137869
-131.58	5.25	4.75	0.205882	0.279153
-130.56	5.46	5.11	0.142157	0.214555
-129.54	5.54	5.34	-0.0441176	0.0274074
-128.52	5.37	5.31	-0.137255	-0.0666026
-127.50	5.26	5.35	0.0392157	0.108995
-126.48	5.45	5.69	0.0196078	0.0885146
-125.46	5.30	5.68	-0.151961	-0.0839268
-124.44	5.14	5.66	0	0.0671612
-123.42	5.30	5.97	0.0637255	0.130014
-122.40	5.27	6.08	-0.102941	-0.0375255
-121.38	5.09	6.04	-0.166667	-0.102124
-120.36	4.93	6.01	-0.102941	-0.0392711
-119.34	4.88	6.10	0.00490196	0.0676993
-118.32	4.94	6.30	0.0588235	0.120748
-117.30	5.00	6.49	-0.0784314	-0.0173796
-116.28	4.78	6.40	-0.269608	-0.209429
-115.26	4.45	6.21	-0.25	-0.190694
-114.24	4.27	6.16	-0.259804	-0.20137
-113.22	3.92	5.94	-0.485294	-0.427733
-112.20	3.28	5.42	-0.348039	-0.291351
-111.18	3.21	5.48	-0.0539216	0.00189356
-110.16	3.17	5.57	-0.107843	-0.0529008
-109.14	2.99	5.51	-0.156863	-0.102793
-108.12	2.85	5.50	-0.0392157	0.0139811
-107.10	2.91	5.68	-0.00980392	0.0425201
-106.08	2.83	5.72	-0.151961	-0.10051
-105.06	2.60	5.62	-0.230392	-0.179814
-104.04	2.36	5.49	-0.20098	-0.151275
-103.02	2.19	5.44	-0.259804	-0.210971
-102.00	1.83	5.20	-0.29902	-0.251059
-100.98	1.58	5.07	-0.235294	-0.188207
-99.96	1.35	4.95	-0.181373	-0.135158
-98.94	1.21	4.92	-0.279412	-0.23407
-97.92	0.78	4.61	-0.485294	-0.440825
-96.90	0.22	4.16	-0.377451	-0.333855
-95.88	0.01	4.06	-0.171569	-0.128845
-94.86	-0.13	4.03	-0.235294	-0.193443
-93.84	-0.47	3.80	-0.196078	-0.1551
-92.82	-0.53	3.84	-0.20098	-0.160875
-91.80	-0.88	3.60	-0.568627	-0.529395
-90.78	-1.69	2.89	-0.588235	-0.549876
-89.76	-2.08	2.60	-0.20098	-0.163493
-88.74	-2.10	2.68	-0.25	-0.213386
-87.72	-2.59	2.30	-0.421569	-0.385827
-86.70	-2.96	2.03	-0.401961	-0.367092
-85.68	-3.41	1.67	-0.416667	-0.382671
-84.66	-3.81	1.38	-0.215686	-0.182563
-83.64	-3.85	1.43	-0.0833333	-0.0510831
-82.62	-3.98	1.40	-0.112745	-0.0813676
-81.60	-4.08	1.39	-0.25	-0.219495
-80.58	-4.49	1.07	-0.5	-0.470368
-79.56	-5.10	0.55	-0.480392	-0.451633
-78.54	-5.47	0.27	-0.441176	-0.41329
-77.52	-6.00	-0.17	-0.529412	-0.502398
-76.50	-6.55	-0.62	-0.27451	-0.248369
-75.48	-6.56	-0.55	-0.377451	-0.352183
-74.46	-7.32	-1.23	-0.367647	-0.343252
-73.44	-7.31	-1.13	0.151961	0.175483
-72.42	-7.01	-0.75	-0.00490196	0.0177478
-71.40	-7.32	-0.97	-1.15686	-1.13509
-70.38	-9.37	-2.94	-0.779412	-0.758508
-69.36	-8.91	-2.40	0.823529	0.843561
-68.34	-7.69	-1.11	-0.181373	-0.162214
-67.32	-9.28	-2.62	-0.745098	-0.726812
-66.30	-9.21	-2.47	-0.00490196	0.0125112
-65.28	-9.29	-2.48	-0.0588235	-0.0422832
-64.26	-9.33	-2.44	-0.0147059	0.000961698
-63.24	-9.32	-2.36	-0.416667	-0.401872
-62.22	-10.18	-3.15	-0.387255	-0.373333
-61.20	-10.11	-3.01	-0.151961	-0.138912
-60.18	-10.49	-3.32	-0.181373	-0.169196
-59.16	-10.48	-3.24	0.0735294	0.0848331
-58.14	-10.34	-3.03	0.132353	0.142784
-57.12	-10.21	-2.83	0.142157	0.151715
-56.10	-10.05	-2.61	-0.0147059	-0.00602048
-55.08	-10.24	-2.74	-0.117647	-0.109834
-54.06	-10.29	-2.73	0.0392157	0.0461555
-53.04	-10.16	-2.53	0.22549	0.231557
-52.02	-9.83	-2.14	0.303922	0.309116
-51.00	-9.54	-1.79	0.0441176	0.0484392
-49.98	-9.74	-1.93	-0.29902	-0.295571
-48.96	-10.15	-2.29	-0.318627	-0.316051
-47.94	-10.39	-2.48	-0.107843	-0.10614
-46.92	-10.37	-2.41	0.0294118	0.0302422
-45.90	-10.33	-2.31	0.0392157	0.0391734
-44.88	-10.29	-2.22	0	-0.000915103
-43.86	-10.33	-2.21	0.0441176	0.0423298
-42.84	-10.20	-2.03	0.107843	0.105182
-41.82	-10.11	-1.89	0.00980392	0.0062705
-40.80	-10.18	-1.91	-0.137255	-0.141661
-39.78	-10.39	-2.07	-0.122549	-0.127828
-38.76	-10.43	-2.07	-0.137255	-0.143407
-37.74	-10.67	-2.27	-0.176471	-0.183495
-36.72	-10.79	-2.35	0.0392157	0.0313184
-35.70	-10.59	-2.11	0.0980392	0.0892692
-34.68	-10.59	-2.06	-0.0931373	-0.10278
-33.66	-10.78	-2.21	-0.191176	-0.201692
-32.64	-10.98	-2.38	-0.117647	-0.129035
-31.62	-11.02	-2.38	0	-0.0122611
-30.60	-10.98	-2.30	-0.0245098	-0.0376437
-29.58	-11.07	-2.36	-0.112745	-0.126752
-28.56	-11.21	-2.46	0	-0.0148795
-27.54	-11.07	-2.30	0.0833333	0.0675811
-26.52	-11.04	-2.23	-0.0588235	-0.0754485
-25.50	-11.19	-2.35	-0.0735294	-0.0910272
-24.48	-11.19	-2.33	0.0784314	0.0600608
-23.46	-11.03	-2.14	0.0735294	0.0542861
-22.44	-11.04	-2.12	0.0490196	0.0289035
-21.42	-10.93	-1.99	0.156863	0.135874
-20.40	-10.72	-1.75	0.161765	0.139903
-19.38	-10.60	-1.61	0.00980392	-0.0129305
-18.36	-10.70	-1.69	0.0441176	0.0205105
-17.34	-10.51	-1.48	0.196078	0.171598
-16.32	-10.30	-1.25	0.215686	0.190334
-15.30	-10.07	-1.01	0.215686	0.189461
-14.28	-9.86	-0.77	0.264706	0.237608
-13.26	-9.53	-0.43	0.181373	0.153401
-12.24	-9.49	-0.37	0.0539216	0.0250777
-11.22	-9.42	-0.29	0.0392157	0.00949908
-10.20	-9.41	-0.27	0.0196078	-0.0109815
-9.18	-9.38	-0.22	0.147059	0.115597
-8.16	-9.11	0.06	0.132353	0.100018
-7.14	-9.11	0.06	0.191176	0.157969
-6.12	-8.72	0.46	0.294118	0.260037
-5.10	-8.51	0.68	0.0784314	0.0434781
-4.08	-8.56	0.63	0.0343137	-0.00151229
-3.06	-8.44	0.76	0.0882353	0.0515365
-2.04	-8.38	0.81	0.0882353	0.0506637
-1.02	-8.26	0.94	0.142157	0.103713
0.00	-8.09	1.11	-0.0637255	-0.103043
1.02	-8.39	0.81	-0.137255	-0.177445
2.04	-8.37	0.83	0.0784314	0.0373687
3.06	-8.23	0.97	0.352941	0.311006
4.08	-7.65	1.54	-0.0147059	-0.0575141
5.10	-8.26	0.93	-0.0588235	-0.102504
6.12	-7.77	1.41	0.343137	0.298584
7.14	-7.56	1.61	-0.112745	-0.158172
8.16	-8.00	1.16	-0.0441176	-0.0904169
9.18	-7.65	1.50	0.328431	0.281259
10.20	-7.33	1.81	-0.151961	-0.200006
11.22	-7.96	1.16	-0.426471	-0.475388
12.24	-8.20	0.91	-0.181373	-0.231163
13.26	-8.33	0.77	0.0490196	-0.00164354
14.28	-8.10	0.98	0.0833333	0.0317974
15.30	-8.16	0.91	-0.107843	-0.160252
16.32	-8.32	0.72	-0.166667	-0.219948
17.34	-8.50	0.53	-0.127451	-0.181605
18.36	-8.58	0.42	-0.00490196	-0.059929
19.38	-8.51	0.48	-0.0147059	-0.0706057
20.40	-8.61	0.35	-0.0441176	-0.10089
21.42	-8.60	0.34	0.0980392	0.0403939
22.44	-8.41	0.50	0.196078	0.13756
23.46	-8.20	0.69	0.181373	0.121982
24.48	-8.04	0.82	0.0392157	-0.021048
25.50	-8.12	0.71	-0.279412	-0.340548
26.52	-8.61	0.19	-0.357843	-0.419852
27.54	-8.85	-0.08	-0.137255	-0.200137
28.56	-8.89	-0.15	0.00980392	-0.0539508
29.58	-8.83	-0.12	0.0490196	-0.0156079
30.60	-8.79	-0.12	0.0490196	-0.0164807
31.62	-8.73	-0.09	0.117647	0.051274
32.64	-8.55	0.05	0.0539216	-0.0133243
33.66	-8.62	-0.06	-0.240196	-0.308315
34.68	-9.04	-0.51	-0.235294	-0.304285
35.70	-9.10	-0.62	0	-0.0698642
36.72	-9.04	-0.60	0.0980392	0.0273023
37.74	-8.90	-0.50	0.132353	0.0607432
38.76	-8.77	-0.41	-0.0392157	-0.111698
39.78	-8.98	-0.67	-0.117647	-0.191002
40.80	-9.01	-0.75	-0.0588235	-0.133052
41.82	-9.10	-0.88	-0.308824	-0.383924
42.84	-9.64	-1.47	-0.279412	-0.355385
43.86	-9.67	-1.55	0.0882353	0.011389
44.88	-9.46	-1.39	0.142157	0.0644378
45.90	-9.38	-1.36	0.0147059	-0.063886
46.92	-9.43	-1.47	-0.0196078	-0.0990725
47.94	-9.42	-1.51	0.137255	0.0569175
48.96	-9.15	-1.29	0.137255	0.0560447
49.98	-9.14	-1.34	0.00490196	-0.077181
51.00	-9.14	-1.40	0.22549	0.142534
52.02	-8.68	-1.00	0.254902	0.171073
53.04	-8.62	-1.00	-0.0539216	-0.138623
54.06	-8.79	-1.23	-0.161765	-0.247339
55.08	-8.95	-1.46	0.0294118	-0.0570351
56.10	-8.73	-1.30	0.147059	0.0597392
57.12	-8.65	-1.29	-0.0539216	-0.142114
58.14	-8.84	-1.54	-0.107843	-0.196908
59.16	-8.87	-1.64	0.166667	0.0767287
60.18	-8.50	-1.34	0.22549	0.134679
61.20	-8.41	-1.32	-0.0294118	-0.121095
62.22	-8.56	-1.53	-0.122549	-0.215105
63.24	-8.66	-1.71	-0.181373	-0.274802
64.26	-8.93	-2.05	-0.176471	-0.270772
65.28	-9.02	-2.22	-0.0784314	-0.173606
66.30	-9.09	-2.36	-0.127451	-0.223498
67.32	-9.28	-2.62	-0.0245098	-0.12143
68.34	-9.14	-2.56	-0.00490196	-0.102695
69.36	-9.29	-2.79	0.117647	0.0189814
70.38	-8.90	-2.48	0.196078	0.09654
71.40	-8.89	-2.56	0.0882353	-0.0121759
72.42	-8.72	-2.47	0.5	0.398716
73.44	-7.87	-1.70	0.70098	0.598824
74.46	-7.29	-1.21	0.22549	0.122461
75.48	-7.41	-1.41	-0.112745	-0.216647
76.50	-7.52	-1.61	0.00490196	-0.0998731
77.52	-7.40	-1.57	0.0833333	-0.0223145
78.54	-7.35	-1.61	-0.0539216	-0.160442
79.56	-7.51	-1.86	-0.102941	-0.210335
80.58	-7.56	-2.01	0.00490196	-0.103364
81.60	-7.50	-2.04	-0.0245098	-0.133649
82.62	-7.61	-2.25	-0.544118	-0.654129
83.64	-8.61	-3.33	0.00490196	-0.105983
84.66	-7.60	-2.43	0.367647	0.25589
85.68	-7.86	-2.78	-0.27451	-0.38714
86.70	-8.16	-3.18	0.377451	0.263948
87.72	-7.09	-2.21	0.5	0.385624
88.74	-7.14	-2.36	-0.147059	-0.262307
89.76	-7.39	-2.72	0.142157	0.0260358
90.78	-6.85	-2.27	0.656863	0.539869
91.80	-6.05	-1.58	0.671569	0.553702
92.82	-5.48	-1.12	0.0882353	-0.0305041
93.84	-5.87	-1.61	-0.191176	-0.310789
94.86	-5.87	-1.72	0.0490196	-0.0714654
95.88	-5.77	-1.73	0.102941	-0.0184166
96.90	-5.66	-1.73	0.191176	0.0689459
97.92	-5.38	-1.57	0.465686	0.342583
98.94	-4.71	-1.01	0.534314	0.410338
99.96	-4.29	-0.70	0.313725	0.188877
100.98	-4.07	-0.59	0.22549	0.0997686
102.00	-3.83	-0.47	0.196078	0.069484
103.02	-3.67	-0.43	0.215686	0.0882191
104.04	-3.39	-0.27	0.0588235	-0.0695164
105.06	-3.55	-0.54	-0.220588	-0.349801
106.08	-3.84	-0.96	-0.166667	-0.296752
107.10	-3.89	-1.13	-0.00490196	-0.13586
108.12	-3.85	-1.21	0.117647	-0.014184
109.14	-3.65	-1.14	0.264706	0.132002
110.16	-3.31	-0.92	0.372549	0.238972
111.18	-2.89	-0.63	0.431373	0.296923
112.20	-2.43	-0.29	0.27451	0.139188
113.22	-2.33	-0.33	-0.0196078	-0.155803
114.24	-2.47	-0.59	-0.107843	-0.244911
115.26	-2.55	-0.81	0.0294118	-0.108529
116.28	-2.41	-0.80	0.166667	0.0278535
117.30	-2.21	-0.74	0.176471	0.0367846
118.32	-2.05	-0.71	0.171569	0.0310099
119.34	-1.86	-0.66	0.220588	0.0791567
120.36	-1.60	-0.53	0.181373	0.0390683
121.38	-1.49	-0.56	0.0931373	-0.0500398
122.40	-1.41	-0.62	0.00980392	-0.134246
123.42	-1.47	-0.82	-0.127451	-0.272374
124.44	-1.67	-1.16	-0.0980392	-0.243835
125.46	-1.67	-1.31	-0.00980392	-0.156472
126.48	-1.69	-1.47	0.0686275	-0.0789135
127.50	-1.53	-1.46	0.196078	0.0476647
128.52	-1.29	-1.36	0.102941	-0.0463453
129.54	-1.32	-1.53	0.0245098	-0.125649
130.56	-1.24	-1.61	0.142157	-0.00887516
131.58	-1.03	-1.54	0.230392	0.0784874
132.60	-0.77	-1.44	0.132353	-0.0204246
133.62	-0.76	-1.58	0.00490196	-0.148748
134.64	-0.76	-1.74	0.0245098	-0.130013
135.66	-0.71	-1.84	0.0441176	-0.111278
136.68	-0.67	-1.96	0.0392157	-0.117053
137.70	-0.63	-2.08	0.161765	0.00462327
138.72	-0.34	-1.94	0.22549	0.067476
139.74	-0.17	-1.93	0.0931373	-0.0657497
140.76	-0.15	-2.07	0.0441176	-0.115642
141.78	-0.08	-2.16	0.132353	-0.0282796
142.80	0.12	-2.12	0.254902	0.0933967
143.82	0.44	-1.97	0.235294	0.072916
144.84	0.60	-1.97	-0.22549	-0.388741
145.86	-0.02	-2.76	-0.0147059	-0.178829
146.88	0.57	-2.33	0.544118	0.379121
147.90	1.09	-1.99	0.323529	0.15766
148.92	1.23	-2.02	0.122549	-0.0441929
149.94	1.34	-2.08	0.22549	0.0578755
150.96	1.69	-1.90	0.245098	0.0766106
151.98	1.84	-1.92	0.186275	0.0169143
153.00	2.07	-1.87	0.333333	0.1631
154.02	2.52	-1.59	0.411765	0.240659
155.04	2.91	-1.38	0.328431	0.156453
156.06	3.19	-1.28	0.25	0.0771487
157.08	3.42	-1.22	0.22549	0.0517661
158.10	3.65	-1.17	0.259804	0.085207
159.12	3.95	-1.05	0.210784	0.0353147
160.14	4.08	-1.11	-0.0294118	-0.205754
161.16	3.89	-1.49	-0.166667	-0.343882
162.18	3.74	-1.82	0.0882353	-0.0898527
163.20	4.07	-1.67	0.416667	0.237706
164.22	4.59	-1.34	0.372549	0.192715
165.24	4.83	-1.29	0.181373	0.000666249
166.26	4.96	-1.35	0.29902	0.117441
167.28	5.44	-1.06	0.490196	0.307744
168.30	5.96	-0.74	0.460784	0.27746
169.32	6.38	-0.50	0.421569	0.237371
170.34	6.82	-0.26	0.387255	0.202185
171.36	7.17	-0.10	0.161765	-0.0241782
172.38	7.15	-0.32	0.0539216	-0.132894
173.40	7.28	-0.39	0.156863	-0.0308257
174.42	7.47	-0.40	0.147059	-0.0415024
175.44	7.58	-0.49	0.20098	0.0115464
176.46	7.88	-0.39	0.495098	0.304791
177.48	8.59	0.12	0.593137	0.401958
178.50	9.09	0.41	0.328431	0.136379
179.52	9.26	0.38	0.132353	-0.0605722
180.54	9.36	0.27	0.137255	-0.056543
181.56	9.54	0.24	0.25	0.0553293
182.58	9.87	0.37	0.343137	0.147594
183.60	10.24	0.53	0.416667	0.22025
184.62	10.72	0.80	0.460784	0.263495
185.64	11.18	1.04	0.539216	0.341054
186.66	11.82	1.47	0.529412	0.330377
187.68	12.26	1.70	0.470588	0.270681
188.70	12.78	2.00	0.426471	0.225691
189.72	13.13	2.14	0.411765	0.210112
190.74	13.62	2.41	0.470588	0.268063
191.76	14.09	2.66	0.338235	0.134837
192.78	14.31	2.66	0.122549	-0.0817221
193.80	14.34	2.47	0.161765	-0.0433792
194.82	14.64	2.55	0.235294	0.0292774
195.84	14.82	2.50	0.161765	-0.0451248
196.86	14.97	2.43	0.186275	-0.0214877
197.88	15.20	2.43	0.22549	0.0168552
198.90	15.43	2.43	0.20098	-0.00852741
199.92	15.61	2.39	0.20098	-0.00940018
200.94	15.84	2.39	0.338235	0.126982
201.96	16.30	2.61	0.357843	0.145717
202.98	16.57	2.65	0.259804	0.046805
204.00	16.83	2.68	0.27451	0.0606381
205.02	17.13	2.74	0.240196	0.0254516
206.04	17.32	2.70	0.186275	-0.0293427
207.06	17.51	2.65	0.235294	0.0188041
208.08	17.80	2.71	0.367647	0.150284
209.10	18.26	2.93	0.470588	0.252353
210.12	18.76	3.19	0.397059	0.177951
211.14	19.07	3.25	0.5	0.280019
212.16	19.78	3.72	0.588235	0.367381
213.18	20.27	3.97	0.387255	0.165528
214.20	20.57	4.03	0.372549	0.14995
215.22	21.03	4.24	0.446078	0.222606
216.24	21.48	4.45	0.436275	0.21193
217.26	21.92	4.64	0.465686	0.240469
218.28	22.43	4.90	0.343137	0.117047
219.30	22.62	4.84	0.132353	-0.0946103
220.32	22.70	4.67	0.0588235	-0.169013
221.34	22.74	4.45	0.0392157	-0.189493
