; M1- Ubender - 1430x135x55mm Si - 200 787 steps
; 04/08/2011 at 14:15
; No ref/No gravity
; 817.099976
; -1.000000
; 1301
-650.000        -171.017
-649.000        -170.058
-648.000        -170.711
-647.000        -169.519
-646.000        -170.165
-645.000        -169.041
-644.000        -169.379
-643.000        -168.966
-642.000        -168.515
-641.000        -168.810
-640.000        -167.868
-639.000        -168.546
-638.000        -167.469
-637.000        -168.020
-636.000        -167.250
-635.000        -167.142
-634.000        -167.104
-633.000        -166.447
-632.000        -166.915
-631.000        -165.930
-630.000        -166.463
-629.000        -165.526
-628.000        -165.693
-627.000        -165.230
-626.000        -164.777
-625.000        -164.961
-624.000        -163.994
-623.000        -164.481
-622.000        -163.336
-621.000        -163.840
-620.000        -163.086
-619.000        -163.070
-618.000        -162.905
-617.000        -162.305
-616.000        -162.679
-615.000        -161.601
-614.000        -162.113
-613.000        -161.187
-612.000        -161.339
-611.000        -160.886
-610.000        -160.627
-609.000        -160.802
-608.000        -159.989
-607.000        -160.447
-606.000        -159.476
-605.000        -159.956
-604.000        -159.236
-603.000        -159.139
-602.000        -158.904
-601.000        -158.238
-600.000        -158.406
-599.000        -157.422
-598.000        -157.820
-597.000        -156.872
-596.000        -157.021
-595.000        -156.575
-594.000        -156.336
-593.000        -156.414
-592.000        -155.601
-591.000        -155.975
-590.000        -155.076
-589.000        -155.385
-588.000        -154.609
-587.000        -154.534
-586.000        -154.234
-585.000        -153.762
-584.000        -154.036
-583.000        -153.152
-582.000        -153.435
-581.000        -152.559
-580.000        -152.706
-579.000        -152.289
-578.000        -152.079
-577.000        -152.129
-576.000        -151.481
-575.000        -151.841
-574.000        -151.042
-573.000        -151.387
-572.000        -150.739
-571.000        -150.779
-570.000        -150.476
-569.000        -150.092
-568.000        -150.259
-567.000        -149.494
-566.000        -149.800
-565.000        -148.927
-564.000        -148.960
-563.000        -148.322
-562.000        -147.970
-561.000        -147.829
-560.000        -147.078
-559.000        -147.257
-558.000        -146.433
-557.000        -146.740
-556.000        -145.999
-555.000        -146.000
-554.000        -145.777
-553.000        -145.472
-552.000        -145.546
-551.000        -144.934
-550.000        -145.252
-549.000        -144.488
-548.000        -144.716
-547.000        -144.252
-546.000        -143.985
-545.000        -143.965
-544.000        -143.354
-543.000        -143.645
-542.000        -142.944
-541.000        -143.116
-540.000        -142.476
-539.000        -142.365
-538.000        -141.987
-537.000        -141.564
-536.000        -141.652
-535.000        -140.930
-534.000        -141.001
-533.000        -140.326
-532.000        -140.395
-531.000        -140.054
-530.000        -139.807
-529.000        -139.777
-528.000        -139.146
-527.000        -139.370
-526.000        -138.636
-525.000        -138.819
-524.000        -138.290
-523.000        -138.242
-522.000        -138.030
-521.000        -137.641
-520.000        -137.649
-519.000        -136.966
-518.000        -137.183
-517.000        -136.584
-516.000        -136.647
-515.000        -136.268
-514.000        -136.027
-513.000        -135.883
-512.000        -135.287
-511.000        -135.257
-510.000        -134.550
-509.000        -134.709
-508.000        -134.181
-507.000        -134.127
-506.000        -133.780
-505.000        -133.399
-504.000        -133.498
-503.000        -133.039
-502.000        -132.983
-501.000        -132.389
-500.000        -132.297
-499.000        -131.922
-498.000        -131.697
-497.000        -131.452
-496.000        -131.024
-495.000        -130.967
-494.000        -130.494
-493.000        -130.609
-492.000        -130.062
-491.000        -129.991
-490.000        -129.572
-489.000        -129.392
-488.000        -129.306
-487.000        -128.893
-486.000        -128.924
-485.000        -128.336
-484.000        -128.298
-483.000        -127.819
-482.000        -127.568
-481.000        -127.382
-480.000        -126.872
-479.000        -126.999
-478.000        -126.448
-477.000        -126.468
-476.000        -125.891
-475.000        -125.808
-474.000        -125.497
-473.000        -125.190
-472.000        -125.137
-471.000        -124.574
-470.000        -124.713
-469.000        -124.151
-468.000        -124.218
-467.000        -123.727
-466.000        -123.489
-465.000        -123.403
-464.000        -122.990
-463.000        -123.054
-462.000        -122.433
-461.000        -122.450
-460.000        -121.881
-459.000        -121.804
-458.000        -121.518
-457.000        -121.153
-456.000        -121.062
-455.000        -120.627
-454.000        -120.596
-453.000        -120.104
-452.000        -120.009
-451.000        -119.691
-450.000        -119.325
-449.000        -119.202
-448.000        -118.795
-447.000        -118.857
-446.000        -118.321
-445.000        -118.483
-444.000        -118.009
-443.000        -117.964
-442.000        -117.679
-441.000        -117.465
-440.000        -117.404
-439.000        -116.921
-438.000        -117.006
-437.000        -116.410
-436.000        -116.560
-435.000        -116.021
-434.000        -115.882
-433.000        -115.638
-432.000        -115.177
-431.000        -115.130
-430.000        -114.488
-429.000        -114.623
-428.000        -114.038
-427.000        -114.005
-426.000        -113.634
-425.000        -113.394
-424.000        -113.257
-423.000        -112.711
-422.000        -112.734
-421.000        -112.297
-420.000        -112.349
-419.000        -111.801
-418.000        -111.590
-417.000        -111.282
-416.000        -110.967
-415.000        -110.805
-414.000        -110.336
-413.000        -110.401
-412.000        -109.929
-411.000        -109.794
-410.000        -109.446
-409.000        -109.226
-408.000        -109.005
-407.000        -108.593
-406.000        -108.581
-405.000        -108.075
-404.000        -108.026
-403.000        -107.555
-402.000        -107.407
-401.000        -107.120
-400.000        -106.766
-399.000        -106.739
-398.000        -106.266
-397.000        -106.195
-396.000        -105.616
-395.000        -105.550
-394.000        -105.186
-393.000        -104.957
-392.000        -104.750
-391.000        -104.391
-390.000        -104.328
-389.000        -103.899
-388.000        -103.881
-387.000        -103.418
-386.000        -103.321
-385.000        -102.940
-384.000        -102.600
-383.000        -102.444
-382.000        -101.997
-381.000        -101.912
-380.000        -101.497
-379.000        -101.454
-378.000        -101.118
-377.000        -100.837
-376.000        -100.562
-375.000        -100.092
-374.000        -100.000
-373.000        -99.572
-372.000        -99.580
-371.000        -99.097
-370.000        -99.001
-369.000        -98.661
-368.000        -98.366
-367.000        -98.141
-366.000        -97.730
-365.000        -97.669
-364.000        -97.144
-363.000        -97.016
-362.000        -96.555
-361.000        -96.430
-360.000        -96.131
-359.000        -95.803
-358.000        -95.615
-357.000        -95.046
-356.000        -94.975
-355.000        -94.515
-354.000        -94.441
-353.000        -94.201
-352.000        -93.895
-351.000        -93.647
-350.000        -93.106
-349.000        -93.154
-348.000        -92.804
-347.000        -92.777
-346.000        -92.340
-345.000        -92.201
-344.000        -91.932
-343.000        -91.484
-342.000        -91.432
-341.000        -90.956
-340.000        -90.846
-339.000        -90.321
-338.000        -90.269
-337.000        -89.891
-336.000        -89.522
-335.000        -89.362
-334.000        -88.930
-333.000        -88.791
-332.000        -88.271
-331.000        -88.219
-330.000        -87.752
-329.000        -87.551
-328.000        -87.334
-327.000        -86.953
-326.000        -86.900
-325.000        -86.441
-324.000        -86.366
-323.000        -85.949
-322.000        -85.825
-321.000        -85.532
-320.000        -85.271
-319.000        -85.219
-318.000        -84.826
-317.000        -84.702
-316.000        -84.253
-315.000        -84.286
-314.000        -83.862
-313.000        -83.657
-312.000        -83.299
-311.000        -82.895
-310.000        -82.728
-309.000        -82.328
-308.000        -82.312
-307.000        -81.859
-306.000        -81.859
-305.000        -81.587
-304.000        -81.402
-303.000        -81.013
-302.000        -80.619
-301.000        -80.441
-300.000        -79.972
-299.000        -79.955
-298.000        -79.620
-297.000        -79.453
-296.000        -79.199
-295.000        -79.035
-294.000        -78.936
-293.000        -78.393
-292.000        -78.233
-291.000        -77.795
-290.000        -77.714
-289.000        -77.356
-288.000        -77.202
-287.000        -76.990
-286.000        -76.681
-285.000        -76.435
-284.000        -75.957
-283.000        -75.796
-282.000        -75.376
-281.000        -75.182
-280.000        -74.798
-279.000        -74.525
-278.000        -74.249
-277.000        -73.841
-276.000        -73.762
-275.000        -73.410
-274.000        -73.266
-273.000        -72.869
-272.000        -72.693
-271.000        -72.389
-270.000        -72.114
-269.000        -71.822
-268.000        -71.438
-267.000        -71.320
-266.000        -70.899
-265.000        -70.678
-264.000        -70.323
-263.000        -70.099
-262.000        -69.838
-261.000        -69.541
-260.000        -69.298
-259.000        -68.864
-258.000        -68.796
-257.000        -68.462
-256.000        -68.352
-255.000        -68.008
-254.000        -67.744
-253.000        -67.517
-252.000        -67.211
-251.000        -67.123
-250.000        -66.628
-249.000        -66.467
-248.000        -66.110
-247.000        -65.952
-246.000        -65.646
-245.000        -65.439
-244.000        -65.246
-243.000        -64.849
-242.000        -64.698
-241.000        -64.334
-240.000        -64.231
-239.000        -63.850
-238.000        -63.515
-237.000        -63.217
-236.000        -62.824
-235.000        -62.549
-234.000        -62.377
-233.000        -62.312
-232.000        -61.880
-231.000        -61.628
-230.000        -61.293
-229.000        -61.102
-228.000        -60.856
-227.000        -60.461
-226.000        -60.342
-225.000        -59.874
-224.000        -59.743
-223.000        -59.254
-222.000        -59.147
-221.000        -58.850
-220.000        -58.504
-219.000        -58.315
-218.000        -57.955
-217.000        -57.825
-216.000        -57.389
-215.000        -57.346
-214.000        -57.022
-213.000        -56.851
-212.000        -56.573
-211.000        -56.363
-210.000        -56.170
-209.000        -55.748
-208.000        -55.567
-207.000        -55.104
-206.000        -54.945
-205.000        -54.673
-204.000        -54.416
-203.000        -54.244
-202.000        -53.856
-201.000        -53.705
-200.000        -53.397
-199.000        -53.241
-198.000        -52.820
-197.000        -52.550
-196.000        -52.295
-195.000        -51.995
-194.000        -51.763
-193.000        -51.402
-192.000        -51.174
-191.000        -50.751
-190.000        -50.586
-189.000        -50.259
-188.000        -50.053
-187.000        -49.821
-186.000        -49.559
-185.000        -49.311
-184.000        -48.922
-183.000        -48.760
-182.000        -48.398
-181.000        -48.098
-180.000        -47.793
-179.000        -47.534
-178.000        -47.270
-177.000        -46.952
-176.000        -46.821
-175.000        -46.470
-174.000        -46.280
-173.000        -45.899
-172.000        -45.614
-171.000        -45.371
-170.000        -45.166
-169.000        -44.833
-168.000        -44.546
-167.000        -44.329
-166.000        -43.859
-165.000        -43.602
-164.000        -43.235
-163.000        -43.070
-162.000        -42.839
-161.000        -42.675
-160.000        -42.542
-159.000        -42.163
-158.000        -41.923
-157.000        -41.626
-156.000        -41.399
-155.000        -41.243
-154.000        -41.047
-153.000        -40.834
-152.000        -40.444
-151.000        -40.087
-150.000        -39.787
-149.000        -39.601
-148.000        -39.244
-147.000        -39.013
-146.000        -38.658
-145.000        -38.330
-144.000        -38.007
-143.000        -37.723
-142.000        -37.598
-141.000        -37.380
-140.000        -37.215
-139.000        -36.838
-138.000        -36.534
-137.000        -36.095
-136.000        -35.906
-135.000        -35.677
-134.000        -35.410
-133.000        -35.249
-132.000        -34.814
-131.000        -34.518
-130.000        -34.170
-129.000        -34.017
-128.000        -33.696
-127.000        -33.449
-126.000        -33.191
-125.000        -32.872
-124.000        -32.616
-123.000        -32.203
-122.000        -31.987
-121.000        -31.683
-120.000        -31.440
-119.000        -31.075
-118.000        -30.803
-117.000        -30.544
-116.000        -30.256
-115.000        -30.074
-114.000        -29.776
-113.000        -29.601
-112.000        -29.349
-111.000        -29.116
-110.000        -28.829
-109.000        -28.600
-108.000        -28.426
-107.000        -28.092
-106.000        -27.884
-105.000        -27.617
-104.000        -27.336
-103.000        -27.018
-102.000        -26.711
-101.000        -26.426
-100.000        -26.168
-99.000        -25.967
-98.000        -25.559
-97.000        -25.304
-96.000        -24.912
-95.000        -24.662
-94.000        -24.421
-93.000        -24.158
-92.000        -23.896
-91.000        -23.691
-90.000        -23.441
-89.000        -23.177
-88.000        -22.913
-87.000        -22.670
-86.000        -22.369
-85.000        -22.102
-84.000        -21.890
-83.000        -21.657
-82.000        -21.312
-81.000        -21.030
-80.000        -20.732
-79.000        -20.470
-78.000        -20.160
-77.000        -19.890
-76.000        -19.790
-75.000        -19.575
-74.000        -19.086
-73.000        -18.811
-72.000        -18.494
-71.000        -18.171
-70.000        -17.978
-69.000        -17.676
-68.000        -17.333
-67.000        -16.958
-66.000        -16.611
-65.000        -16.454
-64.000        -16.126
-63.000        -15.888
-62.000        -15.623
-61.000        -15.347
-60.000        -15.086
-59.000        -14.851
-58.000        -14.630
-57.000        -14.349
-56.000        -14.142
-55.000        -13.795
-54.000        -13.432
-53.000        -13.140
-52.000        -12.896
-51.000        -12.622
-50.000        -12.392
-49.000        -12.252
-48.000        -11.934
-47.000        -11.612
-46.000        -11.306
-45.000        -11.085
-44.000        -10.805
-43.000        -10.665
-42.000        -10.520
-41.000        -10.246
-40.000        -10.036
-39.000        -9.675
-38.000        -9.416
-37.000        -9.198
-36.000        -8.951
-35.000        -8.788
-34.000        -8.471
-33.000        -8.221
-32.000        -7.880
-31.000        -7.698
-30.000        -7.417
-29.000        -7.100
-28.000        -6.864
-27.000        -6.674
-26.000        -6.509
-25.000        -6.154
-24.000        -6.001
-23.000        -5.751
-22.000        -5.469
-21.000        -5.095
-20.000        -4.793
-19.000        -4.615
-18.000        -4.338
-17.000        -4.039
-16.000        -3.726
-15.000        -3.586
-14.000        -3.266
-13.000        -3.008
-12.000        -2.812
-11.000        -2.586
-10.000        -2.310
-9.000        -2.041
-8.000        -1.825
-7.000        -1.506
-6.000        -1.175
-5.000        -0.856
-4.000        -0.648
-3.000        -0.320
-2.000        0.042
-1.000        0.276
0.000        0.531
1.000        0.815
2.000        1.008
3.000        1.327
4.000        1.570
5.000        1.857
6.000        2.108
7.000        2.404
8.000        2.591
9.000        2.854
10.000        3.131
11.000        3.291
12.000        3.511
13.000        3.751
14.000        3.978
15.000        4.146
16.000        4.477
17.000        4.642
18.000        4.858
19.000        5.177
20.000        5.536
21.000        5.873
22.000        6.038
23.000        6.352
24.000        6.618
25.000        6.880
26.000        7.148
27.000        7.535
28.000        7.945
29.000        8.164
30.000        8.416
31.000        8.684
32.000        8.883
33.000        9.134
34.000        9.320
35.000        9.563
36.000        9.810
37.000        10.086
38.000        10.293
39.000        10.508
40.000        10.663
41.000        10.883
42.000        11.013
43.000        11.240
44.000        11.496
45.000        11.734
46.000        12.167
47.000        12.372
48.000        12.627
49.000        12.840
50.000        13.218
51.000        13.414
52.000        13.653
53.000        13.892
54.000        14.134
55.000        14.440
56.000        14.659
57.000        14.958
58.000        15.260
59.000        15.616
60.000        15.943
61.000        16.171
62.000        16.454
63.000        16.765
64.000        17.277
65.000        17.526
66.000        17.851
67.000        18.129
68.000        18.455
69.000        18.672
70.000        18.825
71.000        19.120
72.000        19.178
73.000        19.347
74.000        19.565
75.000        19.950
76.000        20.149
77.000        20.461
78.000        20.856
79.000        21.032
80.000        21.389
81.000        21.553
82.000        21.817
83.000        21.982
84.000        22.239
85.000        22.487
86.000        22.772
87.000        23.024
88.000        23.218
89.000        23.593
90.000        23.833
91.000        24.207
92.000        24.429
93.000        24.739
94.000        25.010
95.000        25.316
96.000        25.690
97.000        25.816
98.000        26.225
99.000        26.514
100.000        26.825
101.000        27.032
102.000        27.290
103.000        27.559
104.000        27.815
105.000        28.156
106.000        28.431
107.000        28.695
108.000        28.835
109.000        29.102
110.000        29.383
111.000        29.619
112.000        29.940
113.000        30.113
114.000        30.487
115.000        30.607
116.000        31.010
117.000        31.213
118.000        31.509
119.000        31.914
120.000        32.208
121.000        32.514
122.000        32.637
123.000        32.978
124.000        33.193
125.000        33.527
126.000        33.804
127.000        34.048
128.000        34.416
129.000        34.550
130.000        34.949
131.000        35.152
132.000        35.434
133.000        35.626
134.000        35.844
135.000        36.102
136.000        36.199
137.000        36.571
138.000        36.770
139.000        37.118
140.000        37.269
141.000        37.551
142.000        37.917
143.000        38.133
144.000        38.489
145.000        38.734
146.000        38.990
147.000        39.152
148.000        39.516
149.000        39.858
150.000        40.185
151.000        40.444
152.000        40.630
153.000        40.860
154.000        41.177
155.000        41.436
156.000        41.689
157.000        42.036
158.000        42.217
159.000        42.479
160.000        42.639
161.000        42.747
162.000        43.017
163.000        43.092
164.000        43.360
165.000        43.703
166.000        43.989
167.000        44.253
168.000        44.547
169.000        44.735
170.000        44.908
171.000        45.313
172.000        45.546
173.000        46.002
174.000        46.286
175.000        46.529
176.000        46.743
177.000        46.953
178.000        47.227
179.000        47.479
180.000        47.952
181.000        48.195
182.000        48.438
183.000        48.732
184.000        49.105
185.000        49.303
186.000        49.506
187.000        49.706
188.000        49.935
189.000        50.272
190.000        50.467
191.000        50.823
192.000        51.006
193.000        51.433
194.000        51.606
195.000        51.764
196.000        52.061
197.000        52.271
198.000        52.698
199.000        52.920
200.000        53.289
201.000        53.407
202.000        53.577
203.000        53.825
204.000        54.109
205.000        54.409
206.000        54.682
207.000        54.997
208.000        55.266
209.000        55.575
210.000        55.823
211.000        56.150
212.000        56.488
213.000        56.767
214.000        57.032
215.000        57.308
216.000        57.605
217.000        57.765
218.000        58.081
219.000        58.270
220.000        58.528
221.000        58.843
222.000        59.111
223.000        59.416
224.000        59.712
225.000        59.991
226.000        60.208
227.000        60.515
228.000        60.751
229.000        61.121
230.000        61.405
231.000        61.632
232.000        61.985
233.000        62.249
234.000        62.557
235.000        62.867
236.000        63.265
237.000        63.511
238.000        63.824
239.000        64.155
240.000        64.231
241.000        64.610
242.000        64.850
243.000        65.122
244.000        65.273
245.000        65.565
246.000        65.876
247.000        66.158
248.000        66.402
249.000        66.619
250.000        66.915
251.000        67.197
252.000        67.696
253.000        68.166
254.000        68.415
255.000        68.632
256.000        68.839
257.000        69.173
258.000        69.328
259.000        69.565
260.000        69.745
261.000        70.016
262.000        70.264
263.000        70.723
264.000        70.951
265.000        71.330
266.000        71.596
267.000        71.910
268.000        72.294
269.000        72.489
270.000        72.694
271.000        72.883
272.000        73.104
273.000        73.347
274.000        73.580
275.000        73.965
276.000        74.238
277.000        74.670
278.000        74.902
279.000        75.154
280.000        75.363
281.000        75.635
282.000        75.787
283.000        75.917
284.000        76.220
285.000        76.360
286.000        76.624
287.000        76.847
288.000        77.120
289.000        77.411
290.000        77.628
291.000        78.014
292.000        78.207
293.000        78.630
294.000        78.815
295.000        79.023
296.000        79.216
297.000        79.442
298.000        79.746
299.000        80.037
300.000        80.358
301.000        80.745
302.000        81.065
303.000        81.344
304.000        81.690
305.000        82.051
306.000        82.147
307.000        82.528
308.000        82.811
309.000        83.083
310.000        83.241
311.000        83.546
312.000        83.764
313.000        83.982
314.000        84.184
315.000        84.471
316.000        84.790
317.000        84.937
318.000        85.236
319.000        85.457
320.000        85.727
321.000        85.972
322.000        86.185
323.000        86.582
324.000        86.799
325.000        87.098
326.000        87.307
327.000        87.561
328.000        87.813
329.000        88.086
330.000        88.357
331.000        88.592
332.000        88.830
333.000        89.131
334.000        89.391
335.000        89.688
336.000        89.958
337.000        90.305
338.000        90.480
339.000        90.810
340.000        91.082
341.000        91.322
342.000        91.612
343.000        91.870
344.000        92.013
345.000        92.214
346.000        92.477
347.000        92.710
348.000        92.930
349.000        93.310
350.000        93.705
351.000        93.911
352.000        94.172
353.000        94.415
354.000        94.696
355.000        94.947
356.000        95.126
357.000        95.539
358.000        95.849
359.000        96.082
360.000        96.278
361.000        96.589
362.000        96.792
363.000        97.067
364.000        97.359
365.000        97.640
366.000        97.856
367.000        98.193
368.000        98.504
369.000        98.760
370.000        99.029
371.000        99.358
372.000        99.573
373.000        99.932
374.000        100.121
375.000        100.318
376.000        100.502
377.000        100.750
378.000        101.036
379.000        101.350
380.000        101.644
381.000        101.913
382.000        102.168
383.000        102.376
384.000        102.645
385.000        102.937
386.000        103.127
387.000        103.191
388.000        103.417
389.000        103.858
390.000        104.076
391.000        104.423
392.000        104.625
393.000        104.936
394.000        105.227
395.000        105.525
396.000        105.777
397.000        106.110
398.000        106.389
399.000        106.488
400.000        106.771
401.000        107.029
402.000        107.271
403.000        107.586
404.000        107.878
405.000        108.183
406.000        108.339
407.000        108.639
408.000        108.912
409.000        109.139
410.000        109.398
411.000        109.673
412.000        109.951
413.000        110.204
414.000        110.485
415.000        110.755
416.000        111.040
417.000        111.385
418.000        111.650
419.000        111.910
420.000        112.068
421.000        112.358
422.000        112.623
423.000        112.892
424.000        113.075
425.000        113.375
426.000        113.619
427.000        113.939
428.000        114.149
429.000        114.275
430.000        114.589
431.000        114.911
432.000        115.151
433.000        115.452
434.000        115.636
435.000        115.821
436.000        116.044
437.000        116.254
438.000        116.490
439.000        116.699
440.000        116.919
441.000        117.265
442.000        117.561
443.000        117.769
444.000        117.977
445.000        118.180
446.000        118.432
447.000        118.614
448.000        118.780
449.000        118.960
450.000        119.187
451.000        119.437
452.000        119.726
453.000        120.019
454.000        120.218
455.000        120.429
456.000        120.581
457.000        120.834
458.000        121.093
459.000        121.324
460.000        121.594
461.000        121.858
462.000        122.203
463.000        122.397
464.000        122.577
465.000        122.888
466.000        123.050
467.000        123.232
468.000        123.423
469.000        123.595
470.000        123.849
471.000        124.133
472.000        124.336
473.000        124.708
474.000        124.932
475.000        125.123
476.000        125.428
477.000        125.603
478.000        125.764
479.000        125.977
480.000        126.189
481.000        126.393
482.000        126.648
483.000        127.012
484.000        127.293
485.000        127.589
486.000        127.806
487.000        128.103
488.000        128.350
489.000        128.699
490.000        128.940
491.000        129.233
492.000        129.518
493.000        129.835
494.000        130.144
495.000        130.331
496.000        130.578
497.000        130.748
498.000        130.996
499.000        131.179
500.000        131.402
501.000        131.797
502.000        131.982
503.000        132.106
504.000        132.257
505.000        132.536
506.000        132.819
507.000        133.208
508.000        133.441
509.000        133.686
510.000        133.940
511.000        134.231
512.000        134.556
513.000        134.758
514.000        134.977
515.000        135.241
516.000        135.564
517.000        135.784
518.000        135.932
519.000        136.188
520.000        136.419
521.000        136.699
522.000        137.021
523.000        137.301
524.000        137.578
525.000        137.839
526.000        138.044
527.000        138.284
528.000        138.567
529.000        138.753
530.000        138.955
531.000        139.108
532.000        139.542
533.000        139.751
534.000        139.938
535.000        140.297
536.000        140.557
537.000        140.852
538.000        141.010
539.000        141.350
540.000        141.616
541.000        141.942
542.000        142.145
543.000        142.367
544.000        142.639
545.000        142.871
546.000        143.210
547.000        143.540
548.000        143.847
549.000        144.084
550.000        144.327
551.000        144.634
552.000        144.832
553.000        145.238
554.000        145.571
555.000        145.948
556.000        146.190
557.000        146.372
558.000        146.664
559.000        146.915
560.000        147.260
561.000        147.463
562.000        147.733
563.000        148.135
564.000        148.417
565.000        148.660
566.000        148.896
567.000        149.279
568.000        149.447
569.000        149.735
570.000        149.997
571.000        150.297
572.000        150.403
573.000        150.585
574.000        150.897
575.000        151.060
576.000        151.387
577.000        151.589
578.000        151.820
579.000        152.086
580.000        152.315
581.000        152.484
582.000        152.599
583.000        152.824
584.000        152.986
585.000        153.402
586.000        153.730
587.000        154.079
588.000        154.348
589.000        154.682
590.000        154.861
591.000        154.994
592.000        155.324
593.000        155.511
594.000        155.745
595.000        156.010
596.000        156.320
597.000        156.621
598.000        157.000
599.000        157.561
600.000        157.726
601.000        157.964
602.000        158.142
603.000        158.348
604.000        158.604
605.000        158.862
606.000        159.118
607.000        159.311
608.000        159.652
609.000        159.921
610.000        160.259
611.000        160.577
612.000        161.007
613.000        161.255
614.000        161.338
615.000        161.588
616.000        161.797
617.000        162.057
618.000        162.238
619.000        162.578
620.000        162.717
621.000        162.971
622.000        163.252
623.000        163.485
624.000        163.661
625.000        163.861
626.000        164.072
627.000        164.266
628.000        164.497
629.000        164.693
630.000        164.981
631.000        165.250
632.000        165.535
633.000        165.859
634.000        166.144
635.000        166.379
636.000        166.498
637.000        166.689
638.000        166.747
639.000        166.923
640.000        167.166
641.000        167.387
642.000        167.637
643.000        167.826
644.000        168.136
645.000        168.369
646.000        168.659
647.000        168.832
648.000        168.984
649.000        169.196
650.000        169.336
