#measuring device: BESSY-NOM
#slope profile along central axis in medidional direction
#plane elliptical mirror for horizontal focusing at CXI-Station at LCLS
#finishing: elastic emission machining
#scan length [mm]: 350
#dx [mm] :0.2
#Object-XSize [mm]:370
#Object-YSize [mm]:50
#residual slope [urad]: 0.06
#design parameter of ellipse: entrance arm: 420000mm; exit arm: 900mm; angle of incidence 3.052mrad
# x-position [mm]; slope [urad]
0.00	0
0.20	0.070165104
0.40	0.131657136
0.60	0.188785968
0.80	0.232674912
1.00	0.248886624
1.20	0.314572176
1.40	0.374561328
1.60	0.406509648
1.80	0.464079648
2.00	0.514789728
2.20	0.543489888
2.40	0.583490736
2.60	0.636188496
2.80	0.666992688
3.00	0.732712176
3.20	0.769455168
3.40	0.809480256
3.60	0.85479936
3.80	0.89976456
4.00	0.938897616
4.20	0.974065008
4.40	1.049116896
4.60	1.059224976
4.80	1.081632432
5.00	1.149819552
5.20	1.1981832
5.40	1.218535104
5.60	1.258138416
5.80	1.278630912
6.00	1.321477536
6.20	1.373491728
6.40	1.40948328
6.60	1.473951984
6.80	1.514859408
7.00	1.556300112
7.20	1.646710464
7.40	1.64950776
7.60	1.660915104
7.80	1.69827864
8.00	1.742715408
8.20	1.752193248
8.40	1.787467296
8.60	1.81499424
8.80	1.8479364
9.00	1.885299936
9.20	1.919521968
9.40	1.957006704
9.60	2.002485792
9.80	2.034400176
10.00	2.067531408
10.20	2.123870016
10.40	2.148856608
10.60	2.190782112
10.80	2.187170352
11.00	2.235369168
11.20	2.303507808
11.40	2.311410048
11.60	2.354828736
11.80	2.435863056
12.00	2.402343984
12.20	2.45977824
12.40	2.53594032
12.60	2.570860464
12.80	2.624081808
13.00	2.64392952
13.20	2.698377408
13.40	2.707258944
13.60	2.730228768
13.80	2.768678256
14.00	2.776250832
14.20	2.817793344
14.40	2.8353528
14.60	2.868406464
14.80	2.918292384
15.00	2.96569128
15.20	2.995739184
15.40	3.03972024
15.60	3.082101456
15.80	3.133102416
16.00	3.134978592
16.20	3.167566848
16.40	3.227003328
16.60	3.258229296
16.80	3.29710056
17.00	3.372011856
17.20	3.406175712
17.40	3.45943584
17.60	3.486807648
17.80	3.534473184
18.00	3.587073984
18.20	3.631190784
18.40	3.661898016
18.60	3.704056224
18.80	3.74794032
19.00	3.795174384
19.20	3.808996032
19.40	3.864369888
19.60	3.876286272
19.80	3.881231232
20.00	3.940110192
20.20	3.957529056
20.40	3.992274672
20.60	4.022802528
20.80	4.073842272
21.00	4.09879008
21.20	4.13260488
21.40	4.191716544
21.60	4.21077888
21.80	4.241617008
22.00	4.269842064
22.20	4.342751136
22.40	4.334252592
22.60	4.368358272
22.80	4.422379536
23.00	4.441078272
23.20	4.481122752
23.40	4.500708672
23.60	4.5356676
23.80	4.590042768
24.00	4.645528128
24.20	4.681669968
24.40	4.716056832
24.60	4.75617888
24.80	4.79835648
25.00	4.838701536
25.20	4.885092048
25.40	4.933475088
25.60	4.962102528
25.80	5.005152768
26.00	5.058073536
26.20	5.098054992
26.40	5.143616496
26.60	5.18864472
26.80	5.2130544
27.00	5.279927712
27.20	5.321276304
27.40	5.323865136
27.60	5.355260784
27.80	5.421242064
28.00	5.426666976
28.20	5.453859408
28.40	5.502620592
28.60	5.533618704
28.80	5.55784416
29.00	5.598358896
29.20	5.64651408
29.40	5.65545864
29.60	5.71702824
29.80	5.758682256
30.00	5.7767556
30.20	5.80315296
30.40	5.855419248
30.60	5.88818688
30.80	5.919538896
31.00	5.967970416
31.20	5.985641376
31.40	6.02022216
31.60	6.068324016
31.80	6.101532816
32.00	6.141708192
32.20	6.208062768
32.40	6.266733264
32.60	6.30913872
32.80	6.334949472
33.00	6.388175664
33.20	6.431133792
33.40	6.428021376
33.60	6.498060432
33.80	6.511993584
34.00	6.553734864
34.20	6.611789664
34.40	6.655494384
34.60	6.681872352
34.80	6.730536576
35.00	6.79170864
35.20	6.839088144
35.40	6.88323888
35.60	6.90883632
35.80	6.935534256
36.00	6.96708504
36.20	6.981546624
36.40	7.028489808
36.60	7.059987264
36.80	7.110130128
37.00	7.136396592
37.20	7.151032704
37.40	7.198853376
37.60	7.239557184
37.80	7.247837568
38.00	7.303032048
38.20	7.347851808
38.40	7.367137152
38.60	7.391449872
38.80	7.442106624
39.00	7.462400352
39.20	7.518685632
39.40	7.551157536
39.60	7.57652712
39.80	7.629622416
40.00	7.69176408
40.20	7.721113872
40.40	7.753164
40.60	7.785238368
40.80	7.834692816
41.00	7.878310272
41.20	7.921345968
41.40	7.951098144
41.60	7.9691424
41.80	7.990963248
42.00	8.009637744
42.20	8.035787856
42.40	8.06990808
42.60	8.114936304
42.80	8.13053232
43.00	8.168240064
43.20	8.204396448
43.40	8.246598288
43.60	8.27357256
43.80	8.311275456
44.00	8.361098352
44.20	8.384586912
44.40	8.41445544
44.60	8.455518
44.80	8.492285232
45.00	8.553171264
45.20	8.607449472
45.40	8.646204384
45.60	8.689084944
45.80	8.7322176
46.00	8.783814864
46.20	8.825231328
46.40	8.856389424
46.60	8.895711552
46.80	8.914798128
47.00	8.967331056
47.20	9.025890048
47.40	9.055593744
47.60	9.071853936
47.80	9.113672784
48.00	9.156286704
48.20	9.186761232
48.40	9.226868736
48.60	9.27621168
48.80	9.312872256
49.00	9.35375544
49.20	9.389155536
49.40	9.4282692
49.60	9.47488272
49.80	9.508746
50.00	9.55548072
50.20	9.578741424
50.40	9.62015304
50.60	9.661521024
50.80	9.69180648
51.00	9.74300136
51.20	9.78740904
51.40	9.841677552
51.60	9.893502672
51.80	9.954868656
52.00	10.00431826
52.20	10.00767792
52.40	10.0666393
52.60	10.12837373
52.80	10.14179784
53.00	10.18280222
53.20	10.21975853
53.40	10.24625285
53.60	10.27627651
53.80	10.35339365
54.00	10.37841902
54.20	10.40358014
54.40	10.45317034
54.60	10.47107885
54.80	10.51368307
55.00	10.55131325
55.20	10.58978698
55.40	10.6224528
55.60	10.65029971
55.80	10.68747902
56.00	10.71955339
56.20	10.72015939
56.40	10.75812408
56.60	10.77106339
56.80	10.78352275
57.00	10.82850734
57.20	10.84250352
57.40	10.87801997
57.60	10.91098152
57.80	10.93021838
58.00	10.98127267
58.20	11.01521837
58.40	11.03535211
58.60	11.08693483
58.80	11.12219434
59.00	11.15390995
59.20	11.18693938
59.40	11.22340118
59.60	11.27285563
59.80	11.36000813
60.00	11.40199666
60.20	11.42568883
60.40	11.48109662
60.60	11.52339058
60.80	11.55876643
61.00	11.58804835
61.20	11.65302125
61.40	11.69898029
61.60	11.74828445
61.80	11.79270667
62.00	11.82912
62.20	11.84227747
62.40	11.87267443
62.60	11.9162531
62.80	11.95143019
63.00	12.00831178
63.20	12.04324646
63.40	12.07387613
63.60	12.1357657
63.80	12.16216306
64.00	12.17916014
64.20	12.23750582
64.40	12.28906915
64.60	12.32624846
64.80	12.34986307
65.00	12.36967685
65.20	12.39674323
65.40	12.44216899
65.60	12.46920629
65.80	12.49040174
66.00	12.51662942
66.20	12.57927043
66.40	12.62717352
66.60	12.6398365
66.80	12.66645202
67.00	12.70343741
67.20	12.73227816
67.40	12.76589904
67.60	12.80441155
67.80	12.82763832
68.00	12.87588077
68.20	12.90738307
68.40	12.95528616
68.60	13.00297109
68.80	13.05794741
69.00	13.08846072
69.20	13.1082745
69.40	13.18632245
69.60	13.23130704
69.80	13.24269014
70.00	13.28461565
70.20	13.35323909
70.40	13.38049939
70.60	13.42366114
70.80	13.47824477
71.00	13.50758486
71.20	13.54407091
71.40	13.60757486
71.60	13.63933896
71.80	13.6888225
72.00	13.76618688
72.20	13.78294642
72.40	13.82964235
72.60	13.88076451
72.80	13.91609674
73.00	13.96341322
73.20	13.99264181
73.40	14.01111754
73.60	14.0176187
73.80	14.04039461
74.00	14.07667219
74.20	14.11833106
74.40	14.13930835
74.60	14.17164451
74.80	14.18920397
75.00	14.23236086
75.20	14.29685866
75.40	14.32937419
75.60	14.35837008
75.80	14.39706682
76.00	14.42065234
76.20	14.4694717
76.40	14.51823288
76.60	14.54026704
76.80	14.58864038
77.00	14.64452328
77.20	14.67035827
77.40	14.71495502
77.60	14.77400851
77.80	14.81660304
78.00	14.86428797
78.20	14.8963187
78.40	14.94605918
78.60	14.99633779
78.80	15.01835256
79.00	15.05323392
79.20	15.08218133
79.40	15.10264958
79.60	15.14033794
79.80	15.16910597
80.00	15.19063594
80.20	15.22686504
80.40	15.28726627
80.60	15.31479322
80.80	15.3459707
81.00	15.39066442
81.20	15.41893795
81.40	15.47016677
81.60	15.50296834
81.80	15.53447549
82.00	15.56243875
82.20	15.58793438
82.40	15.61966454
82.60	15.65233522
82.80	15.66576418
83.00	15.68781288
83.20	15.72773131
83.40	15.77466965
83.60	15.80958979
83.80	15.84625522
84.00	15.88674086
84.20	15.93421248
84.40	15.97448966
84.60	15.9857855
84.80	16.02812794
85.00	16.10025648
85.20	16.1305177
85.40	16.17011131
85.60	16.20616104
85.80	16.23118157
86.00	16.28218738
86.20	16.32873302
86.40	16.38345725
86.60	16.43772091
86.80	16.45359811
87.00	16.51434355
87.20	16.54013976
87.40	16.56638683
87.60	16.61816832
87.80	16.64225803
88.00	16.69491701
88.20	16.75525037
88.40	16.78132291
88.60	16.81640304
88.80	16.86614352
89.00	16.90099579
89.20	16.94003189
89.40	16.9849777
89.60	17.02974413
89.80	17.05469678
90.00	17.1024205
90.20	17.13635165
90.40	17.16684557
90.60	17.21358029
90.80	17.24111693
91.00	17.2514868
91.20	17.25884122
91.40	17.28228614
91.60	17.32477402
91.80	17.34790382
92.00	17.40886742
92.20	17.46659256
92.40	17.4924324
92.60	17.5330247
92.80	17.5923109
93.00	17.61875189
93.20	17.65851034
93.40	17.68452955
93.60	17.69728464
93.80	17.77473629
94.00	17.82470462
94.20	17.86212634
94.40	17.90544322
94.60	17.93066736
94.80	17.98425715
95.00	18.02770493
95.20	18.06173789
95.40	18.11117779
95.60	18.1409736
95.80	18.16995494
96.00	18.20267894
96.20	18.25235155
96.40	18.28756258
96.60	18.32225002
96.80	18.33640618
97.00	18.38830402
97.20	18.41775562
97.40	18.44430811
97.60	18.48940906
97.80	18.53095157
98.00	18.55751376
98.20	18.58621877
98.40	18.63219235
98.60	18.68450712
98.80	18.69863904
99.00	18.74390482
99.20	18.76208966
99.40	18.82953019
99.60	18.8723041
99.80	18.86489635
100.00	18.91942181
100.20	18.97268678
100.40	19.01238221
100.60	19.05872909
100.80	19.09914202
101.00	19.14027245
101.20	19.20433392
101.40	19.2278855
101.60	19.24999238
101.80	19.27896888
102.00	19.30709698
102.20	19.34998238
102.40	19.36208299
102.60	19.3686181
102.80	19.40259773
103.00	19.44655939
103.20	19.50047885
103.40	19.51819344
103.60	19.57703846
103.80	19.60672277
104.00	19.63600469
104.20	19.6987572
104.40	19.73340101
104.60	19.74879826
104.80	19.79565902
105.00	19.83257654
105.20	19.85309813
105.40	19.90473902
105.60	19.94840496
105.80	19.97387635
106.00	20.03238686
106.20	20.05903147
106.40	20.0829515
106.60	20.14593672
106.80	20.20393819
107.00	20.23632768
107.20	20.27334216
107.40	20.32320384
107.60	20.3490049
107.80	20.39475062
108.00	20.42042078
108.20	20.45967504
108.40	20.50759267
108.60	20.55825427
108.80	20.61243552
109.00	20.64536314
109.20	20.69289293
109.40	20.73736848
109.60	20.74924123
109.80	20.80400424
110.00	20.84583278
110.20	20.86117186
110.40	20.9054244
110.60	20.96252414
110.80	20.99526754
111.00	21.05841758
111.20	21.10154539
111.40	21.11081962
111.60	21.16312469
111.80	21.21269549
112.00	21.23440968
112.20	21.26064706
112.40	21.29531995
112.60	21.35958989
112.80	21.38290392
113.00	21.4252512
113.20	21.47417722
113.40	21.48356779
113.60	21.49325894
113.80	21.51864792
114.00	21.53115091
114.20	21.55285056
114.40	21.59270112
114.60	21.62665166
114.80	21.65764978
115.00	21.71928725
115.20	21.78727075
115.40	21.80202806
115.60	21.84075389
115.80	21.87590674
116.00	21.89429035
116.20	21.93096062
116.40	21.96998218
116.60	22.02693648
116.80	22.07497046
117.00	22.11875275
117.20	22.17113054
117.40	22.18764768
117.60	22.22571902
117.80	22.29799301
118.00	22.33801325
118.20	22.36701398
118.40	22.40200685
118.60	22.41763195
118.80	22.4602895
119.00	22.51433986
119.20	22.53705758
119.40	22.57273402
119.60	22.60308734
119.80	22.64502739
120.00	22.67368877
120.20	22.69707552
120.40	22.74057178
120.60	22.77776563
120.80	22.80762446
121.00	22.85126131
121.20	22.88502763
121.40	22.92619685
121.60	22.94968541
121.80	22.99182907
122.00	23.02486334
122.20	23.06874259
122.40	23.10798715
122.60	23.14326605
122.80	23.19496997
123.00	23.24107445
123.20	23.27901974
123.40	23.32187122
123.60	23.3752283
123.80	23.41659144
124.00	23.44393901
124.20	23.46946373
124.40	23.50933368
124.60	23.53866408
124.80	23.55094891
125.00	23.58560242
125.20	23.60870314
125.40	23.66398003
125.60	23.69861414
125.80	23.7222336
126.00	23.77868371
126.20	23.8230817
126.40	23.85339624
126.60	23.89157909
126.80	23.93619038
127.00	23.98356989
127.20	24.04129502
127.40	24.08322538
127.60	24.12722582
127.80	24.15473338
128.00	24.17360179
128.20	24.21686534
128.40	24.24946814
128.60	24.27454685
128.80	24.29728397
129.00	24.34747531
129.20	24.40680998
129.40	24.45050016
129.60	24.4974191
129.80	24.52847539
130.00	24.54513312
130.20	24.60377938
130.40	24.65483366
130.60	24.66971218
130.80	24.71855093
131.00	24.7754713
131.20	24.80525256
131.40	24.87214042
131.60	24.90944093
131.80	24.92350013
132.00	24.97101538
132.20	25.03625976
132.40	25.05505546
132.60	25.08716376
132.80	25.1285172
133.00	25.16191992
133.20	25.1781995
133.40	25.21669262
133.60	25.24722048
133.80	25.25209757
134.00	25.30379664
134.20	25.34558155
134.40	25.38416194
134.60	25.41315782
134.80	25.47603154
135.00	25.50528437
135.20	25.53158962
135.40	25.58023445
135.60	25.5973188
135.80	25.63904554
136.00	25.67177438
136.20	25.69878259
136.40	25.74838248
136.60	25.77715051
136.80	25.81320994
137.00	25.83397877
137.20	25.87065874
137.40	25.90587461
137.60	25.95587203
137.80	26.01021811
138.00	26.04561336
138.20	26.06168448
138.40	26.10510317
138.60	26.16669701
138.80	26.19525173
139.00	26.22799997
139.20	26.25774245
139.40	26.30739082
139.60	26.35159488
139.80	26.40478714
140.00	26.45994283
140.20	26.4869268
140.40	26.52561384
140.60	26.56078123
140.80	26.60305094
141.00	26.66480962
141.20	26.7075011
141.40	26.75323714
141.60	26.77552824
141.80	26.78838998
142.00	26.81971776
142.20	26.85190363
142.40	26.87262883
142.60	26.88576691
142.80	26.92997582
143.00	26.96011584
143.20	27.00999691
143.40	27.04241064
143.60	27.07266216
143.80	27.10702478
144.00	27.13876949
144.20	27.18652229
144.40	27.22614499
144.60	27.24723379
144.80	27.2907155
145.00	27.34151285
145.20	27.39123878
145.40	27.44164829
145.60	27.47844946
145.80	27.52983341
146.00	27.57615605
146.20	27.6203892
146.40	27.66869952
146.60	27.72067978
146.80	27.76254226
147.00	27.78903658
147.20	27.82424275
147.40	27.8489821
147.60	27.84761496
147.80	27.88611778
148.00	27.92847475
148.20	27.94124923
148.40	27.97168013
148.60	28.02692794
148.80	28.05638923
149.00	28.0985329
149.20	28.14909754
149.40	28.16745691
149.60	28.20192134
149.80	28.24950931
150.00	28.27476254
150.20	28.31443858
150.40	28.36028078
150.60	28.37939887
150.80	28.42127638
151.00	28.46977722
151.20	28.5105552
151.40	28.55627912
151.60	28.58013079
151.80	28.62380061
152.00	28.66474778
152.20	28.70088235
152.40	28.72878356
152.60	28.77578492
152.80	28.82677085
153.00	28.8422573
153.20	28.87669556
153.40	28.92339537
153.60	28.96648294
153.80	29.00931841
154.00	29.04311382
154.20	29.0977949
154.40	29.15830667
154.60	29.20194012
154.80	29.23667652
155.00	29.27721841
155.20	29.30520591
155.40	29.34228827
155.60	29.36930859
155.80	29.40385835
156.00	29.44335113
156.20	29.47918754
156.40	29.49720029
156.60	29.51709793
156.80	29.55314136
157.00	29.57707836
157.20	29.61327789
157.40	29.62194708
157.60	29.65649151
157.80	29.69806699
158.00	29.73981457
158.20	29.79337527
158.40	29.82969261
158.60	29.86624314
158.80	29.9001103
159.00	29.93320468
159.20	29.97216709
159.40	30.0010059
159.60	30.0384601
159.80	30.06387186
160.00	30.11596022
160.20	30.18798502
160.40	30.21983638
160.60	30.27532223
160.80	30.3286415
161.00	30.34083567
161.20	30.37890217
161.40	30.4254963
161.60	30.45312408
161.80	30.47996455
162.00	30.52092336
162.20	30.55954156
162.40	30.60011592
162.60	30.6665757
162.80	30.71937576
163.00	30.7490586
163.20	30.77242596
163.40	30.80625095
163.60	30.8478526
163.80	30.90913326
164.00	30.94511415
164.20	30.95811067
164.40	31.00106249
164.60	31.05499649
164.80	31.06019743
165.00	31.06774625
165.20	31.12286801
165.40	31.15863946
165.60	31.160201
165.80	31.18651837
166.00	31.24207887
166.20	31.26533812
166.40	31.33060675
166.60	31.37137406
166.80	31.389572
167.00	31.43012116
167.20	31.47987085
167.40	31.51659978
167.60	31.5600398
167.80	31.57726135
168.00	31.609901
168.20	31.66267439
168.40	31.70656963
168.60	31.78414878
168.80	31.83103282
169.00	31.86199312
169.20	31.92535066
169.40	31.977105
169.60	32.01779184
169.80	32.03932569
170.00	32.09347154
170.20	32.11821234
170.40	32.14442887
170.60	32.17308492
170.80	32.21613031
171.00	32.2509947
171.20	32.29644373
171.40	32.32436772
171.60	32.34123198
171.80	32.39892754
172.00	32.42392674
172.20	32.47127715
172.40	32.52498815
172.60	32.55416632
172.80	32.61011515
173.00	32.65462512
173.20	32.66498481
173.40	32.72234354
173.60	32.75891248
173.80	32.79400536
174.00	32.83692708
174.20	32.89215191
174.40	32.94042912
174.60	32.97661735
174.80	33.02386679
175.00	33.05647342
175.20	33.08304846
175.40	33.1246028
175.60	33.17338543
175.80	33.22225215
176.00	33.23667738
176.20	33.26940301
176.40	33.34245049
176.60	33.35655405
176.80	33.36972888
177.00	33.39182397
177.20	33.42700649
177.40	33.45022066
177.60	33.50133341
177.80	33.56636695
178.00	33.60563949
178.20	33.67312573
178.40	33.70480518
178.60	33.72200201
178.80	33.73828208
179.00	33.77065896
179.20	33.80990449
179.40	33.82486978
179.60	33.90437407
179.80	33.94570376
180.00	33.98648465
180.20	34.04005941
180.40	34.06715391
180.60	34.12506861
180.80	34.18351222
181.00	34.20500437
181.20	34.22486129
181.40	34.26745291
181.60	34.29946571
181.80	34.32703241
182.00	34.37872275
182.20	34.43746694
182.40	34.44308529
182.60	34.46832058
182.80	34.50683649
183.00	34.52603069
183.20	34.57004713
183.40	34.6049634
183.60	34.64759526
183.80	34.68684176
184.00	34.7352757
184.20	34.78736358
184.40	34.81161764
184.60	34.83104503
184.80	34.85583964
185.00	34.87461692
185.20	34.89777678
185.40	34.95906229
185.60	35.01794319
185.80	35.03733664
186.00	35.07927136
186.20	35.13745705
186.40	35.19077536
186.60	35.21227672
186.80	35.24185437
187.00	35.29854446
187.20	35.31738524
187.40	35.32368716
187.60	35.37743112
187.80	35.43449353
188.00	35.44827397
188.20	35.48762082
188.40	35.53797748
188.60	35.57864251
188.80	35.63139699
189.00	35.66211343
189.20	35.73565371
189.40	35.78512901
189.60	35.80908685
189.80	35.86284051
190.00	35.90119352
190.20	35.9143316
190.40	35.93488276
190.60	35.95859093
190.80	35.95407163
191.00	35.97745111
191.20	36.008839
191.40	36.06200168
191.60	36.08813386
191.80	36.15548809
192.00	36.22171759
192.20	36.25202631
192.40	36.29145461
192.60	36.34987835
192.80	36.38604055
193.00	36.41895701
193.20	36.44788648
193.40	36.48721055
193.60	36.52507537
193.80	36.53628734
194.00	36.58797526
194.20	36.65477876
194.40	36.67991516
194.60	36.72406735
194.80	36.77505522
195.00	36.78858356
195.20	36.84417752
195.40	36.91682916
195.60	36.93660415
195.80	36.97436425
196.00	37.00344789
196.20	37.06913393
196.40	37.12883753
196.60	37.15008874
196.80	37.17759629
197.00	37.22218577
197.20	37.25502467
197.40	37.30968636
197.60	37.34167734
197.80	37.3635903
198.00	37.4361571
198.20	37.4734804
198.40	37.49986224
198.60	37.54987664
198.80	37.56396299
199.00	37.5743251
199.20	37.62983906
199.40	37.66160364
199.60	37.69001874
199.80	37.74707049
200.00	37.76222873
200.20	37.80010325
200.40	37.86309768
200.60	37.90647661
200.80	37.94800312
201.00	37.98541756
201.20	38.00878492
201.40	38.0419021
201.60	38.07160094
201.80	38.11942162
202.00	38.17437854
202.20	38.19821131
202.40	38.23915752
202.60	38.29056086
202.80	38.31341918
203.00	38.3654867
203.20	38.42542738
203.40	38.43502157
203.60	38.48720059
203.80	38.54383008
204.00	38.56517098
204.20	38.59959662
204.40	38.65039397
204.60	38.6744255
204.80	38.71071763
205.00	38.75824258
205.20	38.78609918
205.40	38.81463936
205.60	38.84676706
205.80	38.88574013
206.00	38.92506226
206.20	38.96648357
206.40	39.00048744
206.60	39.03960595
206.80	39.0673559
207.00	39.07775486
207.20	39.14267443
207.40	39.17871931
207.60	39.18952066
207.80	39.24655253
208.00	39.28221926
208.20	39.31017283
208.40	39.34136486
208.60	39.37767154
208.80	39.41586893
209.00	39.4540033
209.20	39.48457478
209.40	39.5366617
209.60	39.58875346
209.80	39.63216245
210.00	39.66153163
210.20	39.69991325
210.40	39.73866331
210.60	39.78005069
210.80	39.79835189
211.00	39.81695366
211.20	39.86227277
211.40	39.90408192
211.60	39.95214984
211.80	40.01460178
212.00	40.04814024
212.20	40.0947877
212.40	40.14789754
212.60	40.17667526
212.80	40.19725502
213.00	40.23582571
213.20	40.27096886
213.40	40.29108322
213.60	40.32200376
213.80	40.32774864
214.00	40.34953555
214.20	40.40935502
214.40	40.4392284
214.60	40.48516805
214.80	40.52627909
215.00	40.58589494
215.20	40.60725523
215.40	40.64276683
215.60	40.70294021
215.80	40.73005992
216.00	40.77820056
216.20	40.83571238
216.40	40.86751042
216.60	40.91089032
216.80	40.97658072
217.00	41.02671874
217.20	41.08310582
217.40	41.13055805
217.60	41.16357778
217.80	41.22110414
218.00	41.26118256
218.20	41.31495173
218.40	41.35058938
218.60	41.3678628
218.80	41.39834702
219.00	41.43005779
219.20	41.47177483
219.40	41.50625381
219.60	41.55483077
219.80	41.58196018
220.00	41.62030301
220.20	41.69179646
220.40	41.73162763
220.60	41.77659283
220.80	41.81264256
221.00	41.83889448
221.20	41.86769645
221.40	41.91217685
221.60	41.94558442
221.80	41.97960283
222.00	42.01522594
222.20	42.05171198
222.40	42.07757606
222.60	42.12554218
222.80	42.18732509
223.00	42.21854621
223.20	42.25299125
223.40	42.30586838
223.60	42.34683398
223.80	42.3796501
224.00	42.41949581
224.20	42.43676923
224.40	42.46066502
224.60	42.51027946
224.80	42.54187872
225.00	42.56332142
225.20	42.60085949
225.40	42.65527344
225.60	42.69945811
225.80	42.71362397
226.00	42.76047019
226.20	42.82652419
226.40	42.88760899
226.60	42.92653358
226.80	42.95204376
227.00	42.9867409
227.20	43.01706514
227.40	43.04237654
227.60	43.08098602
227.80	43.13624352
228.00	43.17915802
228.20	43.20064435
228.40	43.27044101
228.60	43.31743752
228.80	43.33778458
229.00	43.38980846
229.20	43.4337168
229.40	43.476864
229.60	43.5312828
229.80	43.5518771
230.00	43.57367371
230.20	43.62464558
230.40	43.66236787
230.60	43.69558637
230.80	43.7477557
231.00	43.79119378
231.20	43.83969802
231.40	43.88757686
231.60	43.93085981
231.80	43.9666332
232.00	43.9773085
232.20	44.03584325
232.40	44.0663711
232.60	44.06683166
232.80	44.10647861
233.00	44.12839642
233.20	44.14106909
233.40	44.20051526
233.60	44.19755314
233.80	44.20099522
234.00	44.24622706
234.20	44.27042342
234.40	44.29165282
234.60	44.32210795
234.80	44.37999792
235.00	44.40530933
235.20	44.43815453
235.40	44.50107187
235.60	44.55656693
235.80	44.59196702
236.00	44.62397837
236.20	44.6888543
236.40	44.72727955
236.60	44.75349269
236.80	44.81804866
237.00	44.87857109
237.20	44.9167297
237.40	44.96455522
237.60	45.00263141
237.80	45.04854197
238.00	45.11650608
238.20	45.16700285
238.40	45.18382541
238.60	45.21841589
238.80	45.25691386
239.00	45.29228002
239.20	45.32780131
239.40	45.38328182
239.60	45.41923459
239.80	45.46209576
240.00	45.51934579
240.20	45.57561168
240.40	45.61016822
240.60	45.6293857
240.80	45.65159923
241.00	45.69268603
241.20	45.7363859
241.40	45.76003445
241.60	45.78127354
241.80	45.83437853
242.00	45.85482739
242.20	45.86852784
242.40	45.90828144
242.60	45.93271051
242.80	45.97199386
243.00	46.01936851
243.20	46.0381836
243.40	46.07631797
243.60	46.13818814
243.80	46.17397608
244.00	46.20743698
244.20	46.23668011
244.40	46.2707761
244.60	46.29351322
244.80	46.32635842
245.00	46.37963794
245.20	46.41132931
245.40	46.44399029
245.60	46.49864179
245.80	46.52428286
246.00	46.57241381
246.20	46.60372704
246.40	46.64934187
246.60	46.68715142
246.80	46.70550595
247.00	46.7408915
247.20	46.78871218
247.40	46.83077342
247.60	46.87143845
247.80	46.87073064
248.00	46.93350739
248.20	46.97817686
248.40	46.99339474
248.60	47.02892573
248.80	47.06712797
249.00	47.10736152
249.20	47.13701189
249.40	47.17159267
249.60	47.21888006
249.80	47.27143723
250.00	47.2741909
250.20	47.30559624
250.40	47.33974555
250.60	47.39586115
250.80	47.44231954
251.00	47.47515989
251.20	47.52460949
251.40	47.55489979
251.60	47.61710448
251.80	47.67065549
252.00	47.70209962
252.20	47.75034691
252.40	47.78931998
252.60	47.82446798
252.80	47.85484555
253.00	47.91147989
253.20	47.94859618
253.40	47.9607792
253.60	48.00016435
253.80	48.04285584
254.00	48.07244803
254.20	48.13319347
254.40	48.18950784
254.60	48.21980299
254.80	48.25242034
255.00	48.3076633
255.20	48.34533226
255.40	48.38926483
255.60	48.43440456
255.80	48.4557503
256.00	48.47658216
256.20	48.54021216
256.40	48.59014171
256.60	48.59877115
256.80	48.63389491
257.00	48.7032407
257.20	48.74116176
257.40	48.78281578
257.60	48.8021399
257.80	48.82958928
258.00	48.87373517
258.20	48.90950856
258.40	48.95132741
258.60	48.96769426
258.80	49.00923192
259.00	49.02738283
259.20	49.06154184
259.40	49.10401517
259.60	49.14535406
259.80	49.18940784
260.00	49.21018637
260.20	49.24847587
260.40	49.29194304
260.60	49.31347301
260.80	49.34399602
261.00	49.37973062
261.20	49.43248656
261.40	49.46457062
261.60	49.51547947
261.80	49.58081597
262.00	49.61753957
262.20	49.64939093
262.40	49.6705379
262.60	49.70503627
262.80	49.75905269
263.00	49.80251986
263.20	49.83560746
263.40	49.90778933
263.60	49.96279474
263.80	49.97478384
264.00	50.02997832
264.20	50.0512465
264.40	50.05127074
264.60	50.11848826
264.80	50.17551043
265.00	50.21834736
265.20	50.2869805
265.40	50.33444726
265.60	50.37455962
265.80	50.4302292
266.00	50.47543195
266.20	50.50260984
266.40	50.56675858
266.60	50.57926157
266.80	50.5542168
267.00	50.63141635
267.20	50.67879101
267.40	50.70151358
267.60	50.74769563
267.80	50.77708906
268.00	50.79635501
268.20	50.80892102
268.40	50.85429346
268.60	50.8871629
268.80	50.8923648
269.00	50.96213722
269.20	50.98833096
269.40	51.0327047
269.60	51.07254072
269.80	51.10765963
270.00	51.14662786
270.20	51.1988699
270.40	51.23109456
270.60	51.28293907
270.80	51.33672763
271.00	51.36681917
271.20	51.41488709
271.40	51.46385674
271.60	51.50014402
271.80	51.55538213
272.00	51.60565104
272.20	51.63412819
272.40	51.66663888
272.60	51.69841752
272.80	51.74156472
273.00	51.74267491
273.20	51.77407056
273.40	51.84469622
273.60	51.8800236
273.80	51.92780064
274.00	51.96469392
274.20	52.00195565
274.40	52.0512889
274.60	52.08515702
274.80	52.12149278
275.00	52.15256362
275.20	52.1761249
275.40	52.22268024
275.60	52.25588419
275.80	52.28404138
276.00	52.33517808
276.20	52.37653152
276.40	52.43326282
276.60	52.48004117
276.80	52.51864579
277.00	52.59118157
277.20	52.62180638
277.40	52.65261542
277.60	52.68739982
277.80	52.74064056
278.00	52.79042952
278.20	52.82618352
278.40	52.86080309
278.60	52.8725304
278.80	52.91204645
279.00	52.95139766
279.20	53.00939429
279.40	53.0418371
279.60	53.06677037
279.80	53.10891403
280.00	53.15366592
280.20	53.19605198
280.40	53.24492952
280.60	53.29507238
280.80	53.34362995
281.00	53.3755201
281.20	53.40141326
281.40	53.44688266
281.60	53.50678454
281.80	53.5584012
282.00	53.5581491
282.20	53.57859797
282.40	53.650998
282.60	53.67986299
282.80	53.7089316
283.00	53.77658544
283.20	53.79464909
283.40	53.83879498
283.60	53.87597429
283.80	53.89063464
284.00	53.95053653
284.20	53.96428546
284.40	53.98517064
284.60	54.02084222
284.80	54.03137208
285.00	54.08058898
285.20	54.10320974
285.40	54.14690477
285.60	54.20370878
285.80	54.24622574
286.00	54.3121343
286.20	54.33835714
286.40	54.3567553
286.60	54.40288402
286.80	54.43514261
287.00	54.47154139
287.20	54.51602664
287.40	54.56198568
287.60	54.60029942
287.80	54.6448283
288.00	54.69229022
288.20	54.71455224
288.40	54.74936088
288.60	54.80940336
288.80	54.82013683
289.00	54.85910506
289.20	54.92656013
289.40	54.96555744
289.60	54.99930437
289.80	55.05313171
290.00	55.05466368
290.20	55.10060818
290.40	55.17527707
290.60	55.19541082
290.80	55.23150902
291.00	55.30013731
291.20	55.33379698
291.40	55.36146451
291.60	55.41561667
291.80	55.45028957
292.00	55.50265282
292.20	55.54498555
292.40	55.5864311
292.60	55.59927346
292.80	55.62956376
293.00	55.68732283
293.20	55.72143821
293.40	55.75848178
293.60	55.80653515
293.80	55.84917331
294.00	55.88821426
294.20	55.95671165
294.40	55.98946474
294.60	55.99408973
294.80	56.03140963
295.00	56.09517053
295.20	56.10851707
295.40	56.13067243
295.60	56.1955823
295.80	56.24111957
296.00	56.24174011
296.20	56.25833966
296.40	56.2994507
296.60	56.3207916
296.80	56.35257509
297.00	56.41269514
297.20	56.4181055
297.40	56.45773306
297.60	56.4966528
297.80	56.5616063
298.00	56.57574307
298.20	56.61157949
298.40	56.6450016
298.60	56.69244898
298.80	56.75708251
299.00	56.76529018
299.20	56.7822
299.40	56.82429034
299.60	56.87851037
299.80	56.90985269
300.00	56.96485325
300.20	57.01881149
300.40	57.05292202
300.60	57.07448592
300.80	57.13847952
301.00	57.16872134
301.20	57.19944797
301.40	57.23872646
301.60	57.27412656
301.80	57.30827102
302.00	57.36591859
302.20	57.40768411
302.40	57.44305027
302.60	57.50833344
302.80	57.53381453
303.00	57.555456
303.20	57.61759282
303.40	57.65077253
303.60	57.6667079
303.80	57.70217102
304.00	57.75299261
304.20	57.77473104
304.40	57.83054122
304.60	57.90414355
304.80	57.88714646
305.00	57.94543882
305.20	57.9834035
305.40	57.99971218
305.60	58.03991664
305.80	58.0948057
306.00	58.14688776
306.20	58.18743158
306.40	58.20912154
306.60	58.25294746
306.80	58.27765771
307.00	58.32248232
307.20	58.38160853
307.40	58.39837776
307.60	58.43295854
307.80	58.47544157
308.00	58.51206336
308.20	58.55823571
308.40	58.60278398
308.60	58.65485635
308.80	58.6847976
309.00	58.73801894
309.20	58.75663042
309.40	58.79537078
309.60	58.82684885
309.80	58.85434186
310.00	58.89580195
310.20	58.93893946
310.40	59.00013576
310.60	59.04346718
310.80	59.09955854
311.00	59.12968402
311.20	59.16816744
311.40	59.19889891
311.60	59.25357466
311.80	59.27630208
312.00	59.30502648
312.20	59.3790409
312.40	59.4089676
312.60	59.4321265
312.80	59.47492949
313.00	59.51423222
313.20	59.54962262
313.40	59.58206059
313.60	59.59997395
313.80	59.63431718
314.00	59.64831336
314.20	59.70283882
314.40	59.7637297
314.60	59.80684296
314.80	59.82562411
315.00	59.8714668
315.20	59.94383774
315.40	59.97331843
315.60	60.00309485
315.80	60.05132275
316.00	60.11384256
316.20	60.18513725
316.40	60.23112538
316.60	60.27011299
316.80	60.34349717
317.00	60.39195778
317.20	60.43524557
317.40	60.46047456
317.60	60.48708038
317.80	60.53796499
318.00	60.55243142
318.20	60.58293019
318.40	60.63329606
318.60	60.67342296
318.80	60.67038326
319.00	60.70113898
319.20	60.73640818
319.40	60.75335194
319.60	60.77401896
319.80	60.82296922
320.00	60.86594674
320.20	60.91399042
320.40	60.95652677
320.60	61.00012483
320.80	61.02704093
321.00	61.06297915
321.20	61.09335187
321.40	61.14557938
321.60	61.18373798
321.80	61.19324491
322.00	61.23000245
322.20	61.26938275
322.40	61.32066005
322.60	61.36045728
322.80	61.41903082
323.00	61.45558958
323.20	61.47600936
323.40	61.53138322
323.60	61.58715461
323.80	61.60876214
324.00	61.64844302
324.20	61.69659821
324.40	61.72368398
324.60	61.80094171
324.80	61.83863976
325.00	61.84343443
325.20	61.89026611
325.40	61.92951067
325.60	61.95959251
325.80	62.01844723
326.00	62.04555725
326.20	62.05438061
326.40	62.12501597
326.60	62.15823446
326.80	62.19309643
327.00	62.24142614
327.20	62.24742797
327.40	62.29287797
327.60	62.33679115
327.80	62.3488045
328.00	62.41047106
328.20	62.46000307
328.40	62.50025602
328.60	62.52483053
328.80	62.567682
329.00	62.61038318
329.20	62.65168814
329.40	62.64806669
329.60	62.69682787
329.80	62.7065869
330.00	62.7484009
330.20	62.79834499
330.40	62.84997134
330.60	62.86373482
330.80	62.92405363
331.00	62.98568141
331.20	63.00838944
331.40	63.02823715
331.60	63.0833977
331.80	63.1177991
332.00	63.15063946
332.20	63.20296392
332.40	63.27015235
332.60	63.29288947
332.80	63.34709981
333.00	63.39331094
333.20	63.40564426
333.40	63.45555926
333.60	63.48180149
333.80	63.50582333
334.00	63.54685195
334.20	63.60337478
334.40	63.65221354
334.60	63.70312723
334.80	63.75402638
335.00	63.78783149
335.20	63.82656701
335.40	63.86566613
335.60	63.90194371
335.80	63.94636594
336.00	64.00199189
336.20	64.04707829
336.40	64.0485036
336.60	64.08820387
336.80	64.1332127
337.00	64.16449685
337.20	64.24635048
337.40	64.26478742
337.60	64.30547669
337.80	64.35653098
338.00	64.39507742
338.20	64.43050661
338.40	64.46989661
338.60	64.49488805
338.80	64.54484184
339.00	64.57683864
339.20	64.6225068
339.40	64.69688966
339.60	64.72141085
339.80	64.75843502
340.00	64.82372789
340.20	64.86204648
340.40	64.88032829
340.60	64.92676728
340.80	64.96265702
341.00	65.00784038
341.20	65.04981922
341.40	65.0806428
341.60	65.11452547
341.80	65.1441419
342.00	65.18459846
342.20	65.21972222
342.40	65.23272456
342.60	65.31975101
342.80	65.34166882
343.00	65.37336989
343.20	65.44243934
343.40	65.46297062
343.60	65.49166109
343.80	65.55649824
344.00	65.59374542
344.20	65.61777211
344.40	65.67278237
344.60	65.70863333
344.80	65.71226933
345.00	65.78520264
345.20	65.83870032
345.40	65.87326171
345.60	65.89452989
345.80	65.94425098
346.00	65.94072163
346.20	66.0142464
346.40	66.08181298
346.60	66.0919453
346.80	66.10937386
347.00	66.17633443
347.20	66.22849406
347.40	66.26566853
347.60	66.31226266
347.80	66.31561747
348.00	66.3405168
348.20	66.41034254
348.40	66.43835914
348.60	66.47008445
348.80	66.5115397
349.00	66.55370275
349.20	66.60544061
349.40	66.6558889
349.60	66.68059915
349.80	66.70881451
350.00	66.75509352
