M2- ROBL - face down- Rh stripe - 230 000
11/05/2012 at 22:17
No ref/No gravity
817.099976
-1.000000
1201
-600.000	-114.681
-599.000	-114.852
-598.000	-114.480
-597.000	-115.079
-596.000	-114.235
-595.000	-114.781
-594.000	-113.519
-593.000	-114.497
-592.000	-113.154
-591.000	-114.052
-590.000	-112.725
-589.000	-113.713
-588.000	-112.512
-587.000	-113.292
-586.000	-112.266
-585.000	-113.057
-584.000	-112.341
-583.000	-112.532
-582.000	-112.089
-581.000	-111.863
-580.000	-111.884
-579.000	-111.275
-578.000	-111.459
-577.000	-110.544
-576.000	-110.969
-575.000	-109.857
-574.000	-110.609
-573.000	-109.502
-572.000	-110.108
-571.000	-108.924
-570.000	-109.661
-569.000	-108.694
-568.000	-109.238
-567.000	-108.239
-566.000	-108.560
-565.000	-107.958
-564.000	-107.846
-563.000	-107.422
-562.000	-107.081
-561.000	-107.060
-560.000	-106.545
-559.000	-106.847
-558.000	-106.080
-557.000	-106.443
-556.000	-105.558
-555.000	-106.190
-554.000	-105.120
-553.000	-105.797
-552.000	-105.041
-551.000	-105.413
-550.000	-104.584
-549.000	-105.157
-548.000	-104.492
-547.000	-104.769
-546.000	-104.278
-545.000	-104.262
-544.000	-104.224
-543.000	-104.172
-542.000	-104.159
-541.000	-103.738
-540.000	-103.904
-539.000	-103.300
-538.000	-103.490
-537.000	-102.747
-536.000	-103.054
-535.000	-102.308
-534.000	-102.606
-533.000	-101.817
-532.000	-102.182
-531.000	-101.429
-530.000	-101.722
-529.000	-101.224
-528.000	-101.343
-527.000	-100.960
-526.000	-100.946
-525.000	-100.699
-524.000	-100.408
-523.000	-100.312
-522.000	-99.976
-521.000	-100.197
-520.000	-99.490
-519.000	-99.659
-518.000	-99.098
-517.000	-99.363
-516.000	-98.589
-515.000	-99.045
-514.000	-98.513
-513.000	-98.880
-512.000	-98.133
-511.000	-98.284
-510.000	-97.654
-509.000	-97.562
-508.000	-96.887
-507.000	-96.761
-506.000	-96.414
-505.000	-96.119
-504.000	-95.975
-503.000	-95.648
-502.000	-95.682
-501.000	-95.121
-500.000	-95.396
-499.000	-94.697
-498.000	-94.956
-497.000	-94.396
-496.000	-94.597
-495.000	-94.309
-494.000	-94.487
-493.000	-93.699
-492.000	-93.652
-491.000	-93.537
-490.000	-93.651
-489.000	-93.314
-488.000	-93.327
-487.000	-93.067
-486.000	-92.911
-485.000	-92.579
-484.000	-92.274
-483.000	-92.222
-482.000	-91.767
-481.000	-91.815
-480.000	-91.371
-479.000	-91.448
-478.000	-90.846
-477.000	-90.914
-476.000	-90.254
-475.000	-90.437
-474.000	-90.122
-473.000	-90.465
-472.000	-89.913
-471.000	-90.115
-470.000	-89.579
-469.000	-89.551
-468.000	-89.057
-467.000	-89.258
-466.000	-89.060
-465.000	-88.893
-464.000	-88.943
-463.000	-88.516
-462.000	-88.748
-461.000	-88.158
-460.000	-88.272
-459.000	-87.646
-458.000	-87.798
-457.000	-87.603
-456.000	-87.594
-455.000	-87.233
-454.000	-87.454
-453.000	-87.087
-452.000	-87.071
-451.000	-86.658
-450.000	-86.832
-449.000	-86.407
-448.000	-86.325
-447.000	-86.007
-446.000	-85.707
-445.000	-85.516
-444.000	-85.192
-443.000	-85.213
-442.000	-85.005
-441.000	-84.974
-440.000	-84.603
-439.000	-84.703
-438.000	-84.165
-437.000	-84.436
-436.000	-84.051
-435.000	-84.212
-434.000	-83.604
-433.000	-83.542
-432.000	-83.058
-431.000	-83.285
-430.000	-82.820
-429.000	-82.753
-428.000	-82.560
-427.000	-82.613
-426.000	-82.429
-425.000	-82.351
-424.000	-82.121
-423.000	-81.951
-422.000	-81.847
-421.000	-81.459
-420.000	-81.452
-419.000	-81.036
-418.000	-81.030
-417.000	-80.504
-416.000	-80.510
-415.000	-79.893
-414.000	-80.089
-413.000	-79.939
-412.000	-80.042
-411.000	-79.555
-410.000	-79.556
-409.000	-79.138
-408.000	-79.190
-407.000	-78.894
-406.000	-78.908
-405.000	-78.689
-404.000	-78.594
-403.000	-78.301
-402.000	-78.128
-401.000	-78.045
-400.000	-77.819
-399.000	-77.767
-398.000	-77.490
-397.000	-77.586
-396.000	-77.289
-395.000	-77.205
-394.000	-76.769
-393.000	-76.834
-392.000	-76.348
-391.000	-76.407
-390.000	-76.115
-389.000	-76.111
-388.000	-75.699
-387.000	-75.693
-386.000	-75.499
-385.000	-75.492
-384.000	-75.328
-383.000	-75.071
-382.000	-74.746
-381.000	-74.370
-380.000	-74.158
-379.000	-73.766
-378.000	-73.924
-377.000	-73.464
-376.000	-73.538
-375.000	-73.068
-374.000	-73.118
-373.000	-72.736
-372.000	-72.757
-371.000	-72.419
-370.000	-72.429
-369.000	-72.076
-368.000	-71.871
-367.000	-71.667
-366.000	-71.623
-365.000	-71.571
-364.000	-71.505
-363.000	-71.225
-362.000	-70.968
-361.000	-70.687
-360.000	-70.610
-359.000	-70.330
-358.000	-70.121
-357.000	-69.970
-356.000	-69.901
-355.000	-69.667
-354.000	-69.442
-353.000	-69.161
-352.000	-69.090
-351.000	-68.868
-350.000	-68.567
-349.000	-68.251
-348.000	-68.071
-347.000	-67.719
-346.000	-67.484
-345.000	-67.197
-344.000	-67.088
-343.000	-66.927
-342.000	-66.690
-341.000	-66.357
-340.000	-66.195
-339.000	-65.938
-338.000	-65.731
-337.000	-65.505
-336.000	-65.342
-335.000	-65.026
-334.000	-64.770
-333.000	-64.583
-332.000	-64.492
-331.000	-64.275
-330.000	-64.027
-329.000	-63.854
-328.000	-63.614
-327.000	-63.443
-326.000	-63.190
-325.000	-62.965
-324.000	-62.702
-323.000	-62.507
-322.000	-62.235
-321.000	-62.185
-320.000	-61.786
-319.000	-61.734
-318.000	-61.560
-317.000	-61.417
-316.000	-61.192
-315.000	-60.961
-314.000	-60.767
-313.000	-60.481
-312.000	-60.287
-311.000	-60.002
-310.000	-59.937
-309.000	-59.538
-308.000	-59.448
-307.000	-59.165
-306.000	-59.062
-305.000	-58.859
-304.000	-58.982
-303.000	-58.709
-302.000	-58.493
-301.000	-58.219
-300.000	-58.105
-299.000	-57.937
-298.000	-57.683
-297.000	-57.463
-296.000	-57.080
-295.000	-56.963
-294.000	-56.599
-293.000	-56.465
-292.000	-56.189
-291.000	-56.269
-290.000	-56.036
-289.000	-55.977
-288.000	-55.589
-287.000	-55.344
-286.000	-55.107
-285.000	-55.119
-284.000	-54.967
-283.000	-54.753
-282.000	-54.471
-281.000	-54.210
-280.000	-53.957
-279.000	-53.819
-278.000	-53.671
-277.000	-53.526
-276.000	-53.355
-275.000	-52.984
-274.000	-52.718
-273.000	-52.543
-272.000	-52.332
-271.000	-52.182
-270.000	-52.148
-269.000	-52.026
-268.000	-51.853
-267.000	-51.571
-266.000	-51.390
-265.000	-51.044
-264.000	-51.029
-263.000	-50.638
-262.000	-50.492
-261.000	-50.122
-260.000	-49.946
-259.000	-49.410
-258.000	-49.378
-257.000	-49.143
-256.000	-49.269
-255.000	-48.885
-254.000	-48.849
-253.000	-48.397
-252.000	-48.363
-251.000	-48.135
-250.000	-48.108
-249.000	-47.858
-248.000	-47.565
-247.000	-47.335
-246.000	-47.199
-245.000	-47.110
-244.000	-46.794
-243.000	-46.641
-242.000	-46.442
-241.000	-46.387
-240.000	-46.069
-239.000	-45.942
-238.000	-45.603
-237.000	-45.657
-236.000	-45.468
-235.000	-45.491
-234.000	-45.238
-233.000	-45.134
-232.000	-44.833
-231.000	-44.597
-230.000	-44.170
-229.000	-43.866
-228.000	-43.300
-227.000	-43.515
-226.000	-43.603
-225.000	-43.478
-224.000	-43.153
-223.000	-42.815
-222.000	-42.489
-221.000	-42.398
-220.000	-42.233
-219.000	-42.083
-218.000	-42.083
-217.000	-41.932
-216.000	-41.724
-215.000	-41.523
-214.000	-41.390
-213.000	-41.007
-212.000	-40.823
-211.000	-40.577
-210.000	-40.385
-209.000	-40.166
-208.000	-40.167
-207.000	-39.933
-206.000	-39.918
-205.000	-39.656
-204.000	-39.436
-203.000	-39.276
-202.000	-39.099
-201.000	-39.038
-200.000	-38.991
-199.000	-38.446
-198.000	-38.432
-197.000	-38.393
-196.000	-38.197
-195.000	-37.914
-194.000	-37.561
-193.000	-37.400
-192.000	-37.161
-191.000	-36.972
-190.000	-36.714
-189.000	-36.786
-188.000	-36.559
-187.000	-36.435
-186.000	-36.093
-185.000	-36.003
-184.000	-35.762
-183.000	-35.720
-182.000	-35.548
-181.000	-35.375
-180.000	-34.995
-179.000	-34.861
-178.000	-34.567
-177.000	-34.566
-176.000	-34.208
-175.000	-33.983
-174.000	-33.833
-173.000	-33.689
-172.000	-33.352
-171.000	-32.998
-170.000	-32.855
-169.000	-32.627
-168.000	-32.566
-167.000	-32.215
-166.000	-31.967
-165.000	-31.664
-164.000	-31.595
-163.000	-31.509
-162.000	-31.641
-161.000	-31.300
-160.000	-31.151
-159.000	-30.840
-158.000	-30.764
-157.000	-30.503
-156.000	-30.311
-155.000	-30.132
-154.000	-30.130
-153.000	-29.863
-152.000	-29.783
-151.000	-29.610
-150.000	-29.403
-149.000	-29.134
-148.000	-28.867
-147.000	-28.725
-146.000	-28.447
-145.000	-28.211
-144.000	-27.996
-143.000	-27.973
-142.000	-27.761
-141.000	-27.769
-140.000	-27.392
-139.000	-27.269
-138.000	-27.145
-137.000	-27.121
-136.000	-26.611
-135.000	-26.433
-134.000	-26.174
-133.000	-26.043
-132.000	-25.773
-131.000	-25.782
-130.000	-25.465
-129.000	-25.316
-128.000	-24.984
-127.000	-24.884
-126.000	-24.716
-125.000	-24.643
-124.000	-24.258
-123.000	-24.174
-122.000	-23.776
-121.000	-23.622
-120.000	-23.388
-119.000	-23.242
-118.000	-23.052
-117.000	-22.860
-116.000	-22.634
-115.000	-22.351
-114.000	-22.042
-113.000	-21.632
-112.000	-21.717
-111.000	-21.271
-110.000	-21.458
-109.000	-21.150
-108.000	-21.011
-107.000	-20.581
-106.000	-20.683
-105.000	-20.341
-104.000	-20.291
-103.000	-20.015
-102.000	-20.084
-101.000	-19.684
-100.000	-19.598
-99.000	-19.146
-98.000	-19.025
-97.000	-18.797
-96.000	-18.694
-95.000	-18.454
-94.000	-18.259
-93.000	-18.099
-92.000	-17.874
-91.000	-17.635
-90.000	-17.359
-89.000	-17.355
-88.000	-17.107
-87.000	-17.226
-86.000	-17.149
-85.000	-16.797
-84.000	-16.224
-83.000	-16.344
-82.000	-16.176
-81.000	-16.008
-80.000	-15.487
-79.000	-15.450
-78.000	-15.192
-77.000	-15.159
-76.000	-14.894
-75.000	-14.616
-74.000	-14.321
-73.000	-14.147
-72.000	-13.929
-71.000	-13.818
-70.000	-13.517
-69.000	-13.318
-68.000	-13.112
-67.000	-13.029
-66.000	-12.769
-65.000	-12.472
-64.000	-12.331
-63.000	-12.338
-62.000	-12.266
-61.000	-12.173
-60.000	-12.124
-59.000	-11.750
-58.000	-11.612
-57.000	-11.352
-56.000	-11.204
-55.000	-10.985
-54.000	-10.880
-53.000	-10.600
-52.000	-10.360
-51.000	-10.147
-50.000	-10.056
-49.000	-9.625
-48.000	-9.347
-47.000	-9.016
-46.000	-8.798
-45.000	-8.798
-44.000	-8.484
-43.000	-7.952
-42.000	-7.971
-41.000	-7.787
-40.000	-7.588
-39.000	-7.308
-38.000	-7.018
-37.000	-6.819
-36.000	-6.864
-35.000	-6.665
-34.000	-6.491
-33.000	-6.387
-32.000	-6.303
-31.000	-6.003
-30.000	-5.775
-29.000	-5.630
-28.000	-5.534
-27.000	-5.297
-26.000	-5.127
-25.000	-4.708
-24.000	-4.721
-23.000	-4.464
-22.000	-4.475
-21.000	-4.128
-20.000	-3.938
-19.000	-3.627
-18.000	-3.564
-17.000	-3.262
-16.000	-3.130
-15.000	-2.938
-14.000	-2.870
-13.000	-2.678
-12.000	-2.530
-11.000	-2.346
-10.000	-2.159
-9.000	-1.769
-8.000	-1.492
-7.000	-1.158
-6.000	-0.806
-5.000	-0.560
-4.000	-0.286
-3.000	-0.184
-2.000	0.040
-1.000	0.080
0.000	0.323
1.000	0.548
2.000	0.759
3.000	0.974
4.000	1.037
5.000	0.969
6.000	1.053
7.000	1.333
8.000	1.451
9.000	1.680
10.000	1.914
11.000	2.079
12.000	2.465
13.000	2.725
14.000	2.993
15.000	3.277
16.000	3.442
17.000	3.451
18.000	3.596
19.000	3.991
20.000	4.131
21.000	4.217
22.000	4.339
23.000	4.670
24.000	4.724
25.000	4.888
26.000	5.170
27.000	5.518
28.000	5.577
29.000	5.909
30.000	5.980
31.000	6.271
32.000	6.290
33.000	6.680
34.000	6.664
35.000	7.192
36.000	7.194
37.000	7.649
38.000	7.350
39.000	7.602
40.000	7.458
41.000	8.071
42.000	8.007
43.000	8.331
44.000	8.459
45.000	8.957
46.000	9.190
47.000	9.793
48.000	10.023
49.000	10.231
50.000	10.188
51.000	10.346
52.000	10.641
53.000	10.765
54.000	11.060
55.000	11.156
56.000	11.407
57.000	11.605
58.000	11.851
59.000	11.771
60.000	11.938
61.000	12.184
62.000	12.322
63.000	12.575
64.000	12.666
65.000	12.948
66.000	13.169
67.000	13.395
68.000	13.700
69.000	13.872
70.000	13.988
71.000	14.240
72.000	14.424
73.000	14.571
74.000	14.596
75.000	14.882
76.000	15.099
77.000	15.422
78.000	15.677
79.000	15.891
80.000	16.115
81.000	16.265
82.000	16.331
83.000	16.565
84.000	16.796
85.000	16.910
86.000	16.906
87.000	17.436
88.000	17.523
89.000	17.694
90.000	17.944
91.000	18.063
92.000	18.248
93.000	18.615
94.000	18.814
95.000	18.889
96.000	18.856
97.000	19.099
98.000	19.328
99.000	19.552
100.000	19.748
101.000	20.002
102.000	20.087
103.000	20.286
104.000	20.466
105.000	20.588
106.000	20.897
107.000	21.176
108.000	21.260
109.000	21.412
110.000	21.706
111.000	21.958
112.000	22.162
113.000	22.396
114.000	22.581
115.000	22.627
116.000	22.627
117.000	22.941
118.000	22.996
119.000	23.084
120.000	23.173
121.000	23.360
122.000	23.508
123.000	23.863
124.000	24.144
125.000	24.458
126.000	24.734
127.000	25.051
128.000	25.224
129.000	25.247
130.000	25.327
131.000	25.685
132.000	25.996
133.000	26.128
134.000	26.320
135.000	26.292
136.000	26.547
137.000	26.763
138.000	26.947
139.000	27.007
140.000	27.228
141.000	27.268
142.000	27.691
143.000	27.874
144.000	28.076
145.000	28.033
146.000	28.244
147.000	28.503
148.000	28.673
149.000	28.744
150.000	28.985
151.000	29.181
152.000	29.260
153.000	29.381
154.000	29.490
155.000	29.773
156.000	29.898
157.000	30.201
158.000	30.456
159.000	30.941
160.000	31.089
161.000	30.977
162.000	31.514
163.000	32.381
164.000	32.059
165.000	32.190
166.000	32.372
167.000	32.661
168.000	32.750
169.000	32.842
170.000	33.014
171.000	33.197
172.000	33.277
173.000	33.503
174.000	33.700
175.000	34.196
176.000	34.400
177.000	34.425
178.000	34.599
179.000	34.882
180.000	35.059
181.000	35.235
182.000	35.333
183.000	35.561
184.000	35.846
185.000	36.111
186.000	36.109
187.000	36.276
188.000	36.375
189.000	36.579
190.000	36.883
191.000	36.976
192.000	37.134
193.000	37.468
194.000	37.730
195.000	37.757
196.000	37.960
197.000	38.061
198.000	38.248
199.000	38.369
200.000	38.547
201.000	38.747
202.000	38.976
203.000	39.179
204.000	39.385
205.000	39.445
206.000	39.646
207.000	39.690
208.000	39.873
209.000	39.993
210.000	40.245
211.000	40.422
212.000	40.839
213.000	40.827
214.000	40.948
215.000	41.097
216.000	41.532
217.000	41.595
218.000	41.887
219.000	41.940
220.000	42.245
221.000	42.361
222.000	42.581
223.000	42.625
224.000	42.885
225.000	43.011
226.000	43.003
227.000	43.232
228.000	43.608
229.000	43.766
230.000	43.863
231.000	44.256
232.000	44.399
233.000	44.785
234.000	44.768
235.000	45.148
236.000	45.187
237.000	45.572
238.000	45.585
239.000	45.959
240.000	46.094
241.000	46.478
242.000	46.420
243.000	46.788
244.000	46.828
245.000	47.218
246.000	47.357
247.000	47.706
248.000	47.651
249.000	47.980
250.000	48.042
251.000	48.279
252.000	48.396
253.000	48.700
254.000	48.910
255.000	49.093
256.000	49.171
257.000	49.409
258.000	49.132
259.000	50.154
260.000	49.860
261.000	49.950
262.000	50.237
263.000	50.349
264.000	50.738
265.000	50.937
266.000	51.097
267.000	51.148
268.000	51.282
269.000	51.323
270.000	51.521
271.000	51.667
272.000	51.865
273.000	52.039
274.000	52.205
275.000	52.430
276.000	52.702
277.000	52.810
278.000	53.128
279.000	53.204
280.000	53.222
281.000	53.333
282.000	53.668
283.000	53.857
284.000	54.010
285.000	54.241
286.000	54.631
287.000	54.983
288.000	54.961
289.000	55.145
290.000	55.238
291.000	55.431
292.000	55.568
293.000	55.782
294.000	56.001
295.000	56.231
296.000	56.302
297.000	56.614
298.000	56.786
299.000	57.038
300.000	57.289
301.000	57.462
302.000	57.571
303.000	57.820
304.000	58.090
305.000	58.506
306.000	58.673
307.000	58.797
308.000	58.905
309.000	59.113
310.000	59.352
311.000	59.673
312.000	59.795
313.000	60.045
314.000	60.319
315.000	60.630
316.000	60.605
317.000	60.628
318.000	60.825
319.000	61.043
320.000	61.166
321.000	61.481
322.000	61.613
323.000	61.778
324.000	62.026
325.000	62.233
326.000	62.262
327.000	62.484
328.000	62.635
329.000	62.864
330.000	63.228
331.000	63.558
332.000	63.709
333.000	63.849
334.000	64.169
335.000	64.562
336.000	64.908
337.000	64.965
338.000	65.037
339.000	65.448
340.000	65.598
341.000	65.805
342.000	65.876
343.000	66.161
344.000	66.451
345.000	66.628
346.000	66.614
347.000	66.895
348.000	67.059
349.000	67.274
350.000	67.440
351.000	67.688
352.000	67.956
353.000	68.269
354.000	68.295
355.000	68.452
356.000	68.742
357.000	68.952
358.000	69.210
359.000	69.545
360.000	69.592
361.000	69.860
362.000	69.862
363.000	70.064
364.000	70.354
365.000	70.579
366.000	70.888
367.000	71.149
368.000	71.418
369.000	71.516
370.000	71.583
371.000	71.710
372.000	72.002
373.000	72.092
374.000	72.254
375.000	72.478
376.000	72.864
377.000	72.920
378.000	72.925
379.000	72.720
380.000	73.060
381.000	73.456
382.000	73.848
383.000	73.732
384.000	74.111
385.000	74.263
386.000	74.393
387.000	74.371
388.000	74.679
389.000	74.740
390.000	74.884
391.000	74.959
392.000	75.231
393.000	75.312
394.000	75.433
395.000	75.826
396.000	76.126
397.000	76.399
398.000	76.601
399.000	77.017
400.000	77.218
401.000	77.497
402.000	77.600
403.000	77.992
404.000	77.917
405.000	78.220
406.000	78.094
407.000	78.397
408.000	78.541
409.000	78.872
410.000	78.938
411.000	79.382
412.000	79.514
413.000	79.627
414.000	79.467
415.000	79.801
416.000	80.034
417.000	80.275
418.000	80.614
419.000	80.964
420.000	81.182
421.000	81.417
422.000	81.633
423.000	81.774
424.000	82.062
425.000	82.094
426.000	82.398
427.000	82.356
428.000	82.690
429.000	82.763
430.000	83.011
431.000	83.629
432.000	83.775
433.000	83.573
434.000	83.674
435.000	83.577
436.000	84.047
437.000	84.335
438.000	84.549
439.000	84.692
440.000	84.880
441.000	85.046
442.000	85.154
443.000	85.297
444.000	85.341
445.000	85.334
446.000	85.328
447.000	85.617
448.000	85.656
449.000	85.879
450.000	85.976
451.000	86.262
452.000	86.342
453.000	86.718
454.000	86.917
455.000	87.200
456.000	87.311
457.000	87.665
458.000	87.803
459.000	88.052
460.000	88.158
461.000	88.282
462.000	88.361
463.000	88.419
464.000	88.447
465.000	88.728
466.000	88.907
467.000	89.050
468.000	89.367
469.000	89.765
470.000	89.964
471.000	90.055
472.000	90.197
473.000	90.322
474.000	90.613
475.000	90.939
476.000	91.192
477.000	91.551
478.000	91.730
479.000	91.815
480.000	92.012
481.000	92.196
482.000	92.528
483.000	92.665
484.000	92.768
485.000	92.986
486.000	93.181
487.000	93.450
488.000	93.639
489.000	93.986
490.000	94.260
491.000	94.412
492.000	94.538
493.000	94.688
494.000	94.810
495.000	95.047
496.000	95.181
497.000	95.348
498.000	95.740
499.000	96.192
500.000	96.346
501.000	96.647
502.000	96.716
503.000	96.928
504.000	97.172
505.000	97.254
506.000	97.307
507.000	97.553
508.000	97.858
509.000	98.296
510.000	98.397
511.000	98.529
512.000	98.726
513.000	98.924
514.000	99.056
515.000	99.288
516.000	99.528
517.000	99.723
518.000	99.967
519.000	100.195
520.000	100.309
521.000	100.425
522.000	100.637
523.000	100.849
524.000	101.164
525.000	101.332
526.000	101.603
527.000	101.614
528.000	101.938
529.000	102.058
530.000	102.345
531.000	102.460
532.000	102.682
533.000	102.841
534.000	103.108
535.000	103.097
536.000	103.195
537.000	103.259
538.000	103.579
539.000	103.736
540.000	103.861
541.000	103.993
542.000	104.164
543.000	104.357
544.000	104.584
545.000	104.781
546.000	105.013
547.000	105.318
548.000	105.477
549.000	105.790
550.000	105.987
551.000	106.191
552.000	106.387
553.000	106.657
554.000	106.921
555.000	107.170
556.000	107.277
557.000	107.296
558.000	107.534
559.000	107.713
560.000	107.919
561.000	108.259
562.000	108.545
563.000	108.683
564.000	108.859
565.000	109.150
566.000	109.584
567.000	109.788
568.000	109.874
569.000	109.953
570.000	110.006
571.000	110.193
572.000	110.420
573.000	110.640
574.000	110.814
575.000	110.857
576.000	111.165
577.000	111.442
578.000	111.591
579.000	111.759
580.000	112.035
581.000	112.288
582.000	112.704
583.000	112.890
584.000	113.054
585.000	113.144
586.000	113.369
587.000	113.491
588.000	113.811
589.000	114.021
590.000	114.316
591.000	114.744
592.000	115.267
593.000	115.484
594.000	115.686
595.000	115.717
596.000	115.970
597.000	116.151
598.000	116.373
599.000	116.585
600.000	116.816
