
28/02/2013 at 16:50
No ref/gravity correction
817.099976
-1.000000
1001
-500.0000000	-0.3748847
-499.0000000	-0.2048889
-498.0000000	0.0265435
-497.0000000	0.2727046
-496.0000000	0.5073450
-495.0000000	0.7539675
-494.0000000	0.9489479
-493.0000000	1.0516621
-492.0000000	1.1052375
-491.0000000	1.0885085
-490.0000000	0.9989751
-489.0000000	1.0690566
-488.0000000	1.3205859
-487.0000000	1.3787760
-486.0000000	1.3085839
-485.0000000	1.1938447
-484.0000000	0.8157686
-483.0000000	0.3854815
-482.0000000	0.2659435
-481.0000000	0.3084057
-480.0000000	0.3906598
-479.0000000	0.4845842
-478.0000000	0.5164719
-477.0000000	0.4626967
-476.0000000	0.4564702
-475.0000000	0.4831692
-474.0000000	0.5530851
-473.0000000	0.5868039
-472.0000000	0.7771179
-471.0000000	0.9488613
-470.0000000	1.0401201
-469.0000000	1.0491028
-468.0000000	1.0493531
-467.0000000	1.1215801
-466.0000000	1.2263276
-465.0000000	1.2476370
-464.0000000	1.2292211
-463.0000000	1.3606613
-462.0000000	1.4625432
-461.0000000	1.3901595
-460.0000000	1.2489707
-459.0000000	0.9959789
-458.0000000	0.8127669
-457.0000000	0.8154201
-456.0000000	0.8057311
-455.0000000	0.7524520
-454.0000000	0.6930418
-453.0000000	0.5348361
-452.0000000	0.3387101
-451.0000000	0.1655402
-450.0000000	0.1189128
-449.0000000	0.2834099
-448.0000000	0.5722434
-447.0000000	0.8314966
-446.0000000	0.9159632
-445.0000000	0.8091014
-444.0000000	0.6708740
-443.0000000	0.5633618
-442.0000000	0.5050274
-441.0000000	0.6177460
-440.0000000	0.9093934
-439.0000000	1.1888050
-438.0000000	1.2427328
-437.0000000	1.2030104
-436.0000000	0.9801796
-435.0000000	0.6797030
-434.0000000	0.4987472
-433.0000000	0.5072714
-432.0000000	0.5660271
-431.0000000	0.5743076
-430.0000000	0.6377384
-429.0000000	0.7010307
-428.0000000	0.7392681
-427.0000000	0.7177439
-426.0000000	0.6924164
-425.0000000	0.7830388
-424.0000000	0.9512384
-423.0000000	0.9955967
-422.0000000	1.1027005
-421.0000000	1.2038409
-420.0000000	1.1674806
-419.0000000	1.0748265
-418.0000000	1.1170886
-417.0000000	1.2215621
-416.0000000	1.2772464
-415.0000000	1.3866847
-414.0000000	1.4162952
-413.0000000	1.3082866
-412.0000000	1.2058706
-411.0000000	1.1062553
-410.0000000	0.9224850
-409.0000000	0.9301433
-408.0000000	1.0379392
-407.0000000	0.9011245
-406.0000000	0.7079521
-405.0000000	0.5782125
-404.0000000	0.3629096
-403.0000000	0.2062927
-402.0000000	0.1759883
-401.0000000	0.2794992
-400.0000000	0.3662016
-399.0000000	0.4343449
-398.0000000	0.5381392
-397.0000000	0.5856706
-396.0000000	0.6006489
-395.0000000	0.5893238
-394.0000000	0.5796974
-393.0000000	0.6164375
-392.0000000	0.6974205
-391.0000000	0.7278983
-390.0000000	0.6929958
-389.0000000	0.5718405
-388.0000000	0.4536831
-387.0000000	0.3929017
-386.0000000	0.4272458
-385.0000000	0.4652586
-384.0000000	0.4369406
-383.0000000	0.4592538
-382.0000000	0.5152812
-381.0000000	0.4724825
-380.0000000	0.3372344
-379.0000000	0.2344552
-378.0000000	0.2090615
-377.0000000	0.2518478
-376.0000000	0.3905244
-375.0000000	0.4270908
-374.0000000	0.3889655
-373.0000000	0.3906079
-372.0000000	0.3523951
-371.0000000	0.2662867
-370.0000000	0.1884916
-369.0000000	0.2496783
-368.0000000	0.3891406
-367.0000000	0.4312941
-366.0000000	0.4046011
-365.0000000	0.3563117
-364.0000000	0.3270523
-363.0000000	0.2851996
-362.0000000	0.2191285
-361.0000000	0.2755093
-360.0000000	0.3355079
-359.0000000	0.3345852
-358.0000000	0.3879927
-357.0000000	0.3538554
-356.0000000	0.2528003
-355.0000000	0.3147048
-354.0000000	0.3642766
-353.0000000	0.3045600
-352.0000000	0.2434731
-351.0000000	0.1630581
-350.0000000	0.1241917
-349.0000000	0.1434583
-348.0000000	0.1179438
-347.0000000	0.0752723
-346.0000000	0.0639056
-345.0000000	0.1231354
-344.0000000	0.2472549
-343.0000000	0.4065985
-342.0000000	0.6524189
-341.0000000	0.7754665
-340.0000000	0.8387834
-339.0000000	0.9126223
-338.0000000	0.7756512
-337.0000000	0.4356618
-336.0000000	0.4341565
-335.0000000	0.9695529
-334.0000000	1.2526025
-333.0000000	0.9684728
-332.0000000	0.5524576
-331.0000000	0.2835164
-330.0000000	0.2836493
-329.0000000	0.5413596
-328.0000000	0.6237722
-327.0000000	0.4548891
-326.0000000	0.4195025
-325.0000000	0.4342817
-324.0000000	-0.0100647
-323.0000000	-0.5433684
-322.0000000	-0.5699614
-321.0000000	-0.1971764
-320.0000000	0.1364475
-319.0000000	0.2630778
-318.0000000	0.2623824
-317.0000000	0.2244872
-316.0000000	0.1693111
-315.0000000	0.0454795
-314.0000000	0.0511611
-313.0000000	0.2297317
-312.0000000	0.3119852
-311.0000000	0.0873802
-310.0000000	-0.2121236
-309.0000000	-0.0418156
-308.0000000	0.2976797
-307.0000000	0.2915721
-306.0000000	0.1351134
-305.0000000	0.2358459
-304.0000000	0.3918130
-303.0000000	0.3943074
-302.0000000	0.2423310
-301.0000000	0.0119677
-300.0000000	0.2608032
-299.0000000	1.0554620
-298.0000000	1.4036559
-297.0000000	0.9682184
-296.0000000	0.4933174
-295.0000000	0.2837880
-294.0000000	0.2115902
-293.0000000	0.2000156
-292.0000000	0.2463166
-291.0000000	0.1644117
-290.0000000	0.0753844
-289.0000000	0.0961109
-288.0000000	0.1923861
-287.0000000	0.1524168
-286.0000000	0.1362901
-285.0000000	0.2275059
-284.0000000	0.0800661
-283.0000000	-0.0489444
-282.0000000	0.0517259
-281.0000000	0.0902440
-280.0000000	0.0554028
-279.0000000	0.1103295
-278.0000000	0.2032758
-277.0000000	0.2847000
-276.0000000	0.2375214
-275.0000000	0.2755322
-274.0000000	0.2289000
-273.0000000	0.1451688
-272.0000000	0.1942493
-271.0000000	0.1560184
-270.0000000	-0.0584886
-269.0000000	-0.2009778
-268.0000000	-0.1663235
-267.0000000	-0.2076906
-266.0000000	-0.4359531
-265.0000000	-0.4599847
-264.0000000	-0.2906168
-263.0000000	-0.1135989
-262.0000000	0.0552374
-261.0000000	0.2636440
-260.0000000	0.1907873
-259.0000000	0.1841701
-258.0000000	0.3620845
-257.0000000	0.3032413
-256.0000000	0.3021408
-255.0000000	0.4867843
-254.0000000	0.5722571
-253.0000000	0.5023933
-252.0000000	0.3891527
-251.0000000	0.2842868
-250.0000000	0.2216718
-249.0000000	0.2093510
-248.0000000	0.2618251
-247.0000000	0.2295540
-246.0000000	0.2223311
-245.0000000	0.1151574
-244.0000000	-0.1588412
-243.0000000	-0.3695376
-242.0000000	-0.4883891
-241.0000000	-0.5253113
-240.0000000	-0.3696357
-239.0000000	-0.3329029
-238.0000000	-0.3537374
-237.0000000	-0.3465946
-236.0000000	-0.3717658
-235.0000000	-0.3133748
-234.0000000	-0.2027948
-233.0000000	0.1213086
-232.0000000	0.4753531
-231.0000000	0.6263408
-230.0000000	0.7318141
-229.0000000	0.5931076
-228.0000000	0.3668063
-227.0000000	0.2004529
-226.0000000	0.0976742
-225.0000000	0.1781793
-224.0000000	0.1893447
-223.0000000	0.1747968
-222.0000000	0.0965789
-221.0000000	-0.1527250
-220.0000000	-0.3916548
-219.0000000	-0.5390843
-218.0000000	-0.5158873
-217.0000000	-0.3541872
-216.0000000	-0.1006496
-215.0000000	0.0627688
-214.0000000	0.0010691
-213.0000000	-0.0021227
-212.0000000	0.0097790
-211.0000000	0.0308161
-210.0000000	0.2290323
-209.0000000	0.2502206
-208.0000000	0.2932567
-207.0000000	0.4783926
-206.0000000	0.4467128
-205.0000000	0.1996763
-204.0000000	0.0886606
-203.0000000	0.1199995
-202.0000000	0.2476110
-201.0000000	0.3925387
-200.0000000	0.5250748
-199.0000000	0.5730129
-198.0000000	0.5550625
-197.0000000	0.4766833
-196.0000000	0.3300848
-195.0000000	0.1838934
-194.0000000	0.1449019
-193.0000000	0.2560704
-192.0000000	0.3282332
-191.0000000	0.2236001
-190.0000000	0.1799223
-189.0000000	0.1292011
-188.0000000	-0.0310202
-187.0000000	-0.0798240
-186.0000000	0.0052915
-185.0000000	0.0555770
-184.0000000	0.1801177
-183.0000000	0.2688730
-182.0000000	0.1083443
-181.0000000	-0.0064254
-180.0000000	0.0022735
-179.0000000	-0.0246411
-178.0000000	-0.0531260
-177.0000000	-0.0669298
-176.0000000	-0.0405933
-175.0000000	-0.0106982
-174.0000000	0.0819237
-173.0000000	0.1639818
-172.0000000	0.1421439
-171.0000000	0.0559951
-170.0000000	0.0624531
-169.0000000	0.2418943
-168.0000000	0.3988615
-167.0000000	0.3974398
-166.0000000	0.3230886
-165.0000000	0.3267257
-164.0000000	0.2915194
-163.0000000	0.0969292
-162.0000000	-0.0218352
-161.0000000	0.1285609
-160.0000000	0.2839938
-159.0000000	0.3430063
-158.0000000	0.2956834
-157.0000000	0.2530678
-156.0000000	0.1564527
-155.0000000	0.0311727
-154.0000000	-0.0221460
-153.0000000	0.1092481
-152.0000000	0.2411062
-151.0000000	0.2293879
-150.0000000	0.1008449
-149.0000000	0.0169364
-148.0000000	-0.1038362
-147.0000000	-0.3009296
-146.0000000	-0.2901762
-145.0000000	-0.2058661
-144.0000000	-0.1245813
-143.0000000	-0.0158623
-142.0000000	-0.0903326
-141.0000000	-0.1776992
-140.0000000	-0.1273361
-139.0000000	-0.2179084
-138.0000000	-0.2769145
-137.0000000	-0.1981869
-136.0000000	-0.0602657
-135.0000000	0.0145587
-134.0000000	-0.0028373
-133.0000000	0.0070059
-132.0000000	0.0685062
-131.0000000	0.1393318
-130.0000000	0.1377756
-129.0000000	0.1665471
-128.0000000	0.3401479
-127.0000000	0.5110373
-126.0000000	0.4856337
-125.0000000	0.3413132
-124.0000000	0.0959104
-123.0000000	-0.1652816
-122.0000000	-0.2593864
-121.0000000	-0.2321945
-120.0000000	-0.1539962
-119.0000000	-0.0895401
-118.0000000	-0.1089916
-117.0000000	-0.1642660
-116.0000000	-0.1804871
-115.0000000	-0.2574034
-114.0000000	-0.3945137
-113.0000000	-0.3834417
-112.0000000	-0.2152276
-111.0000000	-0.0269954
-110.0000000	0.0472567
-109.0000000	0.0380297
-108.0000000	-0.1232999
-107.0000000	-0.2592725
-106.0000000	-0.2558453
-105.0000000	-0.2198084
-104.0000000	-0.1382022
-103.0000000	0.0820995
-102.0000000	0.1679315
-101.0000000	0.0468785
-100.0000000	-0.0761417
-99.0000000	-0.1077525
-98.0000000	-0.1579530
-97.0000000	-0.2016996
-96.0000000	-0.0115751
-95.0000000	0.2142143
-94.0000000	0.2685443
-93.0000000	0.2344583
-92.0000000	0.0991658
-91.0000000	-0.0726654
-90.0000000	-0.1036169
-89.0000000	-0.0333543
-88.0000000	0.0757905
-87.0000000	0.1019436
-86.0000000	0.0954815
-85.0000000	0.0014889
-84.0000000	-0.2403663
-83.0000000	-0.3889160
-82.0000000	-0.3157007
-81.0000000	-0.1260523
-80.0000000	0.0081138
-79.0000000	0.1310490
-78.0000000	0.2052545
-77.0000000	0.1117318
-76.0000000	-0.0830597
-75.0000000	-0.2041601
-74.0000000	-0.1911098
-73.0000000	-0.1277408
-72.0000000	0.0113648
-71.0000000	0.2873335
-70.0000000	0.3749163
-69.0000000	0.3242815
-68.0000000	0.2815553
-67.0000000	0.1181141
-66.0000000	0.1243342
-65.0000000	0.2616750
-64.0000000	0.2532216
-63.0000000	0.1632667
-62.0000000	0.1415200
-61.0000000	0.1630663
-60.0000000	0.1084067
-59.0000000	-0.1052907
-58.0000000	-0.2183578
-57.0000000	-0.1077934
-56.0000000	0.1547372
-55.0000000	0.2249435
-54.0000000	0.1646187
-53.0000000	0.1315141
-52.0000000	0.1183393
-51.0000000	0.2115539
-50.0000000	0.2742010
-49.0000000	0.2920319
-48.0000000	0.3831729
-47.0000000	0.5058754
-46.0000000	0.5897655
-45.0000000	0.5555947
-44.0000000	0.4311145
-43.0000000	0.3327425
-42.0000000	0.1982719
-41.0000000	0.1086208
-40.0000000	0.2164569
-39.0000000	0.1407401
-38.0000000	0.0252633
-37.0000000	-0.0105555
-36.0000000	-0.0723814
-35.0000000	-0.0847552
-34.0000000	-0.1030088
-33.0000000	-0.1365156
-32.0000000	-0.0793161
-31.0000000	0.0082995
-30.0000000	0.0484987
-29.0000000	0.0449500
-28.0000000	0.1569879
-27.0000000	0.2177805
-26.0000000	0.0892039
-25.0000000	0.0660095
-24.0000000	0.2806154
-23.0000000	0.4481895
-22.0000000	0.4203997
-21.0000000	0.2824559
-20.0000000	0.1361925
-19.0000000	0.0945276
-18.0000000	0.1987960
-17.0000000	0.3057489
-16.0000000	0.3295959
-15.0000000	0.4632968
-14.0000000	0.6613943
-13.0000000	0.5169734
-12.0000000	0.3439103
-11.0000000	0.3064562
-10.0000000	0.3291543
-9.0000000	0.5230474
-8.0000000	0.6325120
-7.0000000	0.5533410
-6.0000000	0.4159939
-5.0000000	0.2480974
-4.0000000	0.0383609
-3.0000000	-0.1961310
-2.0000000	-0.2628767
-1.0000000	-0.0658335
0.0000000	0.0000000
1.0000000	0.1275003
2.0000000	0.1640851
3.0000000	0.0601727
4.0000000	0.1554308
5.0000000	0.2688192
6.0000000	0.2726311
7.0000000	0.3590757
8.0000000	0.4123630
9.0000000	0.4084943
10.0000000	0.2744707
11.0000000	0.1050021
12.0000000	-0.0499519
13.0000000	-0.1403067
14.0000000	-0.0063526
15.0000000	0.0922865
16.0000000	0.0564875
17.0000000	0.1436677
18.0000000	0.2219123
19.0000000	0.1321807
20.0000000	0.0568908
21.0000000	0.0333358
22.0000000	0.0417670
23.0000000	0.1988939
24.0000000	0.3830930
25.0000000	0.4924488
26.0000000	0.4532545
27.0000000	0.3270528
28.0000000	0.1517204
29.0000000	0.0160500
30.0000000	0.0436680
31.0000000	0.1416589
32.0000000	0.2914827
33.0000000	0.4518905
34.0000000	0.4494253
35.0000000	0.3013802
36.0000000	0.1836315
37.0000000	0.0706387
38.0000000	0.0459032
39.0000000	0.1246766
40.0000000	0.2806263
41.0000000	0.4006293
42.0000000	0.4007281
43.0000000	0.2692993
44.0000000	0.0500522
45.0000000	-0.1323031
46.0000000	-0.1878905
47.0000000	-0.1026254
48.0000000	0.0330354
49.0000000	0.0585931
50.0000000	-0.0074928
51.0000000	-0.0437622
52.0000000	-0.0875893
53.0000000	-0.0863474
54.0000000	-0.0161605
55.0000000	0.1048064
56.0000000	0.2257212
57.0000000	0.2582517
58.0000000	0.1678995
59.0000000	0.0974990
60.0000000	0.0450516
61.0000000	-0.0010246
62.0000000	0.0792299
63.0000000	0.1507749
64.0000000	0.2166118
65.0000000	0.2830333
66.0000000	0.1929159
67.0000000	0.1050526
68.0000000	0.0031947
69.0000000	-0.2298231
70.0000000	-0.3404580
71.0000000	-0.0012500
72.0000000	0.3798852
73.0000000	0.2269075
74.0000000	0.1186514
75.0000000	0.0964517
76.0000000	-0.0166486
77.0000000	-0.0348985
78.0000000	-0.0682129
79.0000000	-0.0758407
80.0000000	0.1737612
81.0000000	0.3896356
82.0000000	0.1523673
83.0000000	-0.2667923
84.0000000	-0.2323004
85.0000000	-0.0853639
86.0000000	-0.0415648
87.0000000	-0.0153602
88.0000000	0.1070429
89.0000000	0.2255210
90.0000000	0.2382418
91.0000000	0.2439987
92.0000000	0.1642093
93.0000000	0.1095417
94.0000000	0.0709556
95.0000000	0.0742024
96.0000000	0.1352834
97.0000000	0.1371997
98.0000000	0.1760779
99.0000000	0.0919609
100.0000000	-0.0806500
101.0000000	-0.2345868
102.0000000	-0.2833899
103.0000000	-0.0661828
104.0000000	0.2294106
105.0000000	0.2598084
106.0000000	0.1418870
107.0000000	0.0023976
108.0000000	-0.0847001
109.0000000	-0.0760714
110.0000000	-0.0217150
111.0000000	0.0957871
112.0000000	0.2098527
113.0000000	0.2305668
114.0000000	0.1569721
115.0000000	-0.0178466
116.0000000	-0.1972212
117.0000000	-0.2171507
118.0000000	-0.0437585
119.0000000	0.0576233
120.0000000	0.1058294
121.0000000	0.1185695
122.0000000	0.0176364
123.0000000	-0.0823851
124.0000000	-0.0804105
125.0000000	-0.0206048
126.0000000	0.0686580
127.0000000	0.1839627
128.0000000	0.2563522
129.0000000	0.2503695
130.0000000	0.1952245
131.0000000	0.1650432
132.0000000	0.1172437
133.0000000	0.0487441
134.0000000	0.0369623
135.0000000	0.0978164
136.0000000	0.1648907
137.0000000	0.1278535
138.0000000	0.0619562
139.0000000	-0.0440084
140.0000000	-0.1506223
141.0000000	-0.2663841
142.0000000	-0.3229591
143.0000000	-0.2595128
144.0000000	-0.1300854
145.0000000	-0.0118422
146.0000000	0.0219262
147.0000000	-0.0351954
148.0000000	-0.0687888
149.0000000	0.0083553
150.0000000	0.0658219
151.0000000	0.1327788
152.0000000	0.2300188
153.0000000	0.3130436
154.0000000	0.3991876
155.0000000	0.3794523
156.0000000	0.1274639
157.0000000	-0.1032344
158.0000000	-0.0331417
159.0000000	0.0680352
160.0000000	0.1027979
161.0000000	0.1847726
162.0000000	0.1623352
163.0000000	-0.0160959
164.0000000	-0.2366860
165.0000000	-0.4349757
166.0000000	-0.5027553
167.0000000	-0.4133981
168.0000000	-0.2353616
169.0000000	-0.1986443
170.0000000	-0.2895365
171.0000000	-0.4087452
172.0000000	-0.5891857
173.0000000	-0.5901068
174.0000000	-0.4722154
175.0000000	-0.3850102
176.0000000	-0.2770734
177.0000000	-0.1547367
178.0000000	-0.0848741
179.0000000	-0.0895673
180.0000000	-0.1478984
181.0000000	-0.1613662
182.0000000	-0.0436777
183.0000000	0.1705853
184.0000000	0.2964240
185.0000000	0.3178813
186.0000000	0.2594170
187.0000000	0.1296155
188.0000000	0.0488119
189.0000000	0.1086739
190.0000000	0.2146195
191.0000000	0.2835666
192.0000000	0.2733501
193.0000000	0.1883463
194.0000000	0.0440980
195.0000000	-0.1212267
196.0000000	-0.2241267
197.0000000	-0.2572667
198.0000000	-0.2677708
199.0000000	-0.2001382
200.0000000	-0.1297418
201.0000000	-0.1366637
202.0000000	-0.1934863
203.0000000	-0.2451245
204.0000000	-0.2317857
205.0000000	-0.2621349
206.0000000	-0.2418793
207.0000000	-0.0234342
208.0000000	0.1690764
209.0000000	0.2012378
210.0000000	0.1522592
211.0000000	0.0561837
212.0000000	-0.0445706
213.0000000	-0.1145024
214.0000000	-0.1679860
215.0000000	-0.1003522
216.0000000	0.0266494
217.0000000	0.1252287
218.0000000	0.1306790
219.0000000	0.0715428
220.0000000	0.0511547
221.0000000	0.0626833
222.0000000	0.0930461
223.0000000	0.1918697
224.0000000	0.3584472
225.0000000	0.4524041
226.0000000	0.3974925
227.0000000	0.2424640
228.0000000	0.0845269
229.0000000	0.0993093
230.0000000	0.1415613
231.0000000	0.1300342
232.0000000	0.1697716
233.0000000	0.2108997
234.0000000	0.1165032
235.0000000	-0.0464587
236.0000000	-0.1545259
237.0000000	-0.2669053
238.0000000	-0.2770546
239.0000000	-0.1868885
240.0000000	-0.1341142
241.0000000	-0.0540221
242.0000000	-0.0258610
243.0000000	-0.0802124
244.0000000	-0.1096592
245.0000000	-0.1422403
246.0000000	-0.0884978
247.0000000	0.0231544
248.0000000	0.2057167
249.0000000	0.3459411
250.0000000	0.3515782
251.0000000	0.2425049
252.0000000	0.0999725
253.0000000	0.0666067
254.0000000	0.1331598
255.0000000	0.2342158
256.0000000	0.3293177
257.0000000	0.3673421
258.0000000	0.2822901
259.0000000	0.1836217
260.0000000	0.0929210
261.0000000	-0.0161854
262.0000000	-0.1271958
263.0000000	-0.1002345
264.0000000	0.0072420
265.0000000	-0.0019740
266.0000000	-0.0700051
267.0000000	-0.1365594
268.0000000	-0.2073016
269.0000000	-0.2614806
270.0000000	-0.2629701
271.0000000	-0.1071014
272.0000000	0.0983758
273.0000000	0.1704141
274.0000000	0.1412245
275.0000000	0.0966766
276.0000000	0.0588951
277.0000000	0.0163828
278.0000000	0.0075575
279.0000000	0.0678781
280.0000000	0.1893889
281.0000000	0.2894234
282.0000000	0.2300240
283.0000000	0.0601522
284.0000000	-0.0573165
285.0000000	-0.0619645
286.0000000	-0.0176233
287.0000000	-0.0025415
288.0000000	0.0245312
289.0000000	0.0998474
290.0000000	0.0989074
291.0000000	-0.0154948
292.0000000	-0.1032748
293.0000000	-0.1619323
294.0000000	-0.1717979
295.0000000	-0.0767046
296.0000000	0.0346407
297.0000000	0.0290733
298.0000000	-0.0056564
299.0000000	-0.0525455
300.0000000	-0.1551363
301.0000000	-0.2237180
302.0000000	-0.1620390
303.0000000	-0.0693499
304.0000000	-0.0075216
305.0000000	0.0650705
306.0000000	0.0826364
307.0000000	0.0387609
308.0000000	0.0212788
309.0000000	-0.0713095
310.0000000	-0.1247516
311.0000000	-0.0147133
312.0000000	0.0624314
313.0000000	0.0301433
314.0000000	-0.0572449
315.0000000	-0.1075626
316.0000000	-0.1521443
317.0000000	-0.1619875
318.0000000	-0.1432988
319.0000000	-0.0916194
320.0000000	-0.0143227
321.0000000	-0.0408234
322.0000000	-0.0887880
323.0000000	-0.0871732
324.0000000	-0.0708101
325.0000000	-0.0469066
326.0000000	-0.0557943
327.0000000	-0.0602227
328.0000000	-0.0181474
329.0000000	0.0182237
330.0000000	0.0051001
331.0000000	-0.0621417
332.0000000	-0.1468745
333.0000000	-0.1420562
334.0000000	-0.1363942
335.0000000	-0.1653860
336.0000000	-0.1844891
337.0000000	-0.2385786
338.0000000	-0.2024007
339.0000000	-0.0991222
340.0000000	-0.1199502
341.0000000	-0.1338414
342.0000000	-0.1834193
343.0000000	-0.2805154
344.0000000	-0.1551298
345.0000000	-0.0088436
346.0000000	-0.1223222
347.0000000	-0.2023978
348.0000000	-0.1539434
349.0000000	-0.1865003
350.0000000	-0.1781085
351.0000000	-0.0866834
352.0000000	-0.0469731
353.0000000	-0.0816018
354.0000000	-0.1093603
355.0000000	-0.1257045
356.0000000	-0.1881344
357.0000000	-0.2408968
358.0000000	-0.2526175
359.0000000	-0.2090019
360.0000000	-0.1477998
361.0000000	-0.1344674
362.0000000	-0.2362954
363.0000000	-0.3581574
364.0000000	-0.3566771
365.0000000	-0.3656456
366.0000000	-0.3525184
367.0000000	-0.2385020
368.0000000	-0.1679319
369.0000000	-0.2075534
370.0000000	-0.2237001
371.0000000	-0.2258698
372.0000000	-0.2835201
373.0000000	-0.3255666
374.0000000	-0.2760069
375.0000000	-0.1797156
376.0000000	-0.0755242
377.0000000	-0.0473488
378.0000000	-0.1190197
379.0000000	-0.1632046
380.0000000	-0.2149431
381.0000000	-0.3045236
382.0000000	-0.3944891
383.0000000	-0.4044206
384.0000000	-0.3924406
385.0000000	-0.3973840
386.0000000	-0.3934956
387.0000000	-0.4400268
388.0000000	-0.5355583
389.0000000	-0.5675492
390.0000000	-0.5140792
391.0000000	-0.4235220
392.0000000	-0.4132535
393.0000000	-0.4989785
394.0000000	-0.2756559
395.0000000	0.3099679
396.0000000	0.5429346
397.0000000	0.2189956
398.0000000	-0.2100984
399.0000000	-0.4965954
400.0000000	-0.5747438
401.0000000	-0.6044164
402.0000000	-0.6301560
403.0000000	-0.7330426
404.0000000	-0.9332433
405.0000000	-1.1672965
406.0000000	-1.4867849
407.0000000	-1.7014579
408.0000000	-1.5126890
409.0000000	-1.0213091
410.0000000	-0.5858182
411.0000000	-0.4324637
412.0000000	-0.4183286
413.0000000	-0.2650787
414.0000000	-0.1217951
415.0000000	-0.1815601
416.0000000	-0.2276213
417.0000000	-0.2653123
418.0000000	-0.4567562
419.0000000	-0.6147848
420.0000000	-0.5939803
421.0000000	-0.6092166
422.0000000	-0.6761166
423.0000000	-0.6256381
424.0000000	-0.5547381
425.0000000	-0.6045389
426.0000000	-0.6109586
427.0000000	-0.5821594
428.0000000	-0.6567269
429.0000000	-0.6905720
430.0000000	-0.5812812
431.0000000	-0.4467244
432.0000000	-0.4380691
433.0000000	-0.5049381
434.0000000	-0.5162474
435.0000000	-0.5804954
436.0000000	-0.6842224
437.0000000	-0.6442186
438.0000000	-0.4409829
439.0000000	-0.5247647
440.0000000	-1.0104765
441.0000000	-1.5135374
442.0000000	-1.7315263
443.0000000	-1.4690704
444.0000000	-1.0360819
445.0000000	-0.7424761
446.0000000	-0.6095451
447.0000000	-0.5344130
448.0000000	-0.4981184
449.0000000	-0.6957436
450.0000000	-0.8884959
451.0000000	-0.5599153
452.0000000	0.0672478
453.0000000	0.3762888
454.0000000	0.1180417
455.0000000	-0.3514933
456.0000000	-0.7471061
457.0000000	-1.0520861
458.0000000	-1.2320167
459.0000000	-1.3921450
460.0000000	-1.4532213
461.0000000	-1.3977024
462.0000000	-1.3403349
463.0000000	-1.2141190
464.0000000	-1.0879298
465.0000000	-1.0663047
466.0000000	-1.1220780
467.0000000	-1.2035801
468.0000000	-1.2473953
469.0000000	-1.2468532
470.0000000	-1.1137861
471.0000000	-0.9458194
472.0000000	-0.8810753
473.0000000	-0.8908451
474.0000000	-0.9703351
475.0000000	-1.0468769
476.0000000	-1.1067200
477.0000000	-1.1129875
478.0000000	-1.0268882
479.0000000	-1.0369174
480.0000000	-1.0343683
481.0000000	-1.0485726
482.0000000	-1.1815274
483.0000000	-1.2251901
484.0000000	-1.2723519
485.0000000	-1.4218866
486.0000000	-1.4740000
487.0000000	-1.3982341
488.0000000	-1.2282953
489.0000000	-1.1399731
490.0000000	-1.1929747
491.0000000	-1.3161337
492.0000000	-1.4131964
493.0000000	-1.4581632
494.0000000	-1.7736982
495.0000000	-1.2095094
496.0000000	0.4287804
497.0000000	0.7720043
498.0000000	0.0652474
499.0000000	-0.4989031
500.0000000	-0.5692818
