L(mm) 	R2 slope x 1E6 / urad
-298.8	-1.84530998
-297.6	-1.069036578
-296.4	-0.427232252
-295.2	0.080035872
-294	0.435839381
-292.8	0.602001688
-291.6	0.593387667
-290.4	0.438456007
-289.2	0.194515142
-288	-0.089757626
-286.8	-0.352186617
-285.6	-0.550554479
-284.4	-0.652438842
-283.2	-0.642453801
-282	-0.525091422
-280.8	-0.321341125
-279.6	-0.06933241
-278.4	0.192284763
-277.2	0.413884671
-276	0.564441863
-274.8	0.614886033
-273.6	0.565429979
-272.4	0.427350344
-271.2	0.241423749
-270	0.04240312
-268.8	-0.128828844
-267.6	-0.25425232
-266.4	-0.327629473
-265.2	-0.364515034
-264	-0.382862362
-262.8	-0.405292629
-261.6	-0.438993522
-260.4	-0.483736704
-259.2	-0.525164883
-258	-0.553312502
-256.8	-0.558484664
-255.6	-0.539273864
-254.4	-0.494692482
-253.2	-0.422345964
-252	-0.314698542
-250.8	-0.160786465
-249.6	0.051424935
-248.4	0.325318959
-247.2	0.650050614
-246	0.995742358
-244.8	1.321401218
-243.6	1.58078667
-242.4	1.748171208
-241.2	1.815557595
-240	1.794186858
-238.8	1.700242162
-237.6	1.539598172
-236.4	1.316274979
-235.2	1.035856524
-234	0.726732173
-232.8	0.425474784
-231.6	0.173992164
-230.4	-0.0152206
-229.2	-0.159296496
-228	-0.302940898
-226.8	-0.495534822
-225.6	-0.772644998
-224.4	-1.136572844
-223.2	-1.555782497
-222	-1.975152742
-220.8	-2.3376192
-219.6	-2.59596768
-218.4	-2.733830228
-217.2	-2.754749001
-216	-2.670698007
-214.8	-2.493461781
-213.6	-2.230232669
-212.4	-1.894602141
-211.2	-1.511589911
-210	-1.106233044
-208.8	-0.694246016
-207.6	-0.259060959
-206.4	0.215753134
-205.2	0.748217351
-204	1.290602552
-202.8	1.779032752
-201.6	2.094429023
-200.4	2.184459882
-199.2	2.024659237
-198	1.676361737
-196.8	1.198915755
-195.6	0.644980422
-194.4	0.032286494
-193.2	-0.627646456
-192	-1.250649345
-190.8	-1.744234119
-189.6	-1.962213929
-188.4	-1.883082346
-187.2	-1.548011854
-186	-1.122892488
-184.8	-0.739540726
-183.6	-0.499945819
-182.4	-0.392619668
-181.2	-0.357861646
-180	-0.329188323
-178.8	-0.273338092
-177.6	-0.205810567
-176.4	-0.152672546
-175.2	-0.14521064
-174	-0.185859193
-172.8	-0.268305539
-171.6	-0.370936978
-170.4	-0.480402565
-169.2	-0.584158725
-168	-0.672032246
-166.8	-0.731396554
-165.6	-0.737853068
-164.4	-0.669604214
-163.2	-0.505894045
-162	-0.245397152
-160.8	0.102285228
-159.6	0.508378207
-158.4	0.935120645
-157.2	1.337052676
-156	1.64872097
-154.8	1.825230305
-153.6	1.824475728
-152.4	1.665490658
-151.2	1.38842379
-150	1.082176053
-148.8	0.803516602
-147.6	0.601103463
-146.4	0.465792022
-145.2	0.37379004
-144	0.276733943
-142.8	0.144509763
-141.6	-0.048836459
-140.4	-0.296889776
-139.2	-0.580790464
-138	-0.843992215
-136.8	-1.039583831
-135.6	-1.111379903
-134.4	-1.059328458
-133.2	-0.905518575
-132	-0.736061112
-130.8	-0.611063024
-129.6	-0.590687772
-128.4	-0.652198605
-127.2	-0.751934127
-126	-0.791109435
-124.8	-0.719966352
-123.6	-0.506695802
-122.4	-0.203826678
-121.2	0.126064541
-120	0.387202936
-118.8	0.551219584
-117.6	0.621320896
-116.4	0.667894602
-115.2	0.748130104
-114	0.897567002
-112.8	1.086014931
-111.6	1.245421
-110.4	1.306374717
-109.2	1.22975605
-108	1.023422684
-106.8	0.721559101
-105.6	0.377116317
-104.4	0.049952885
-103.2	-0.211919103
-102	-0.356237429
-100.8	-0.366585461
-99.6	-0.240016284
-98.4	-0.011421116
-97.2	0.282380498
-96	0.583847392
-94.8	0.855545741
-93.6	1.065162614
-92.4	1.216441047
-91.2	1.324056521
-90	1.423676685
-88.8	1.522089689
-87.6	1.614491305
-86.4	1.662429911
-85.2	1.642346848
-84	1.540776779
-82.8	1.378814065
-81.6	1.187113391
-80.4	0.998821516
-79.2	0.82864748
-78	0.677599935
-76.8	0.538985758
-75.6	0.406406402
-74.4	0.284891391
-73.2	0.185141569
-72	0.127979098
-70.8	0.119450779
-69.6	0.15552199
-68.4	0.19300593
-67.2	0.194154155
-66	0.111982032
-64.8	-0.045723834
-63.6	-0.254353729
-62.4	-0.446578711
-61.2	-0.587530543
-60	-0.655567807
-58.8	-0.673573395
-57.6	-0.666915111
-56.4	-0.654929948
-55.2	-0.637047313
-54	-0.600405273
-52.8	-0.548653933
-51.6	-0.492881219
-50.4	-0.467535445
-49.2	-0.485480888
-48	-0.548441947
-46.8	-0.620785409
-45.6	-0.666689589
-44.4	-0.643763379
-43.2	-0.542595337
-42	-0.369627945
-40.8	-0.155292767
-39.6	0.074918575
-38.4	0.300363375
-37.2	0.521163965
-36	0.747225691
-34.8	0.994892752
-33.6	1.27765954
-32.4	1.609253537
-31.2	1.992558678
-30	2.422860724
-28.8	2.856786529
-27.6	3.242465691
-26.4	3.485907869
-25.2	3.532608495
-24	3.338847986
-22.8	2.925271684
-21.6	2.321507932
-20.4	1.58211699
-19.2	0.741152317
-18	-0.167182203
-16.8	-1.09826946
-15.6	-2.007630135
-14.4	-2.825606669
-13.2	-3.504630322
-12	-4.002356966
-10.8	-4.306723857
-9.6	-4.41875814
-8.4	-4.354788319
-7.2	-4.128496192
-6	-3.75370695
-4.8	-3.243879774
-3.6	-2.618677254
-2.4	-1.916470056
-1.2	-1.189302798
0	-0.491729407
1.2	0.128465751
2.4	0.652484677
3.6	1.080911536
4.8	1.426164285
6	1.700503189
7.2	1.906119843
8.4	2.043272407
9.6	2.111546401
10.8	2.119854841
12	2.079675997
13.2	2.010462386
14.4	1.934190138
15.6	1.884704299
16.8	1.902080634
18	2.016208673
19.2	2.225182751
20.4	2.485113736
21.6	2.70741565
22.8	2.804165491
24	2.712799252
25.2	2.426612537
26.4	1.973260924
27.6	1.407860715
28.8	0.768054307
30	0.080123541
31.2	-0.642684792
32.4	-1.384905759
33.6	-2.124220395
34.8	-2.830171892
36	-3.476539382
37.2	-4.034769565
38.4	-4.488319883
39.6	-4.822165978
40.8	-5.029120427
42	-5.105852896
43.2	-5.054113598
44.4	-4.881829609
45.6	-4.600942844
46.8	-4.222451798
48	-3.750291862
49.2	-3.177360224
50.4	-2.50646935
51.6	-1.74916401
52.8	-0.958274361
54	-0.181580941
55.2	0.518500162
56.4	1.120415445
57.6	1.61223649
58.8	1.987873266
60	2.231557992
61.2	2.303579653
62.4	2.186395215
63.6	1.876526817
64.8	1.44057469
66	0.94455252
67.2	0.484152205
68.4	0.085584411
69.6	-0.247556671
70.8	-0.566310657
72	-0.896372047
73.2	-1.243133357
74.4	-1.553963831
75.6	-1.764392579
76.8	-1.810909855
78	-1.686899385
79.2	-1.440661711
80.4	-1.167399427
81.6	-0.96171198
82.8	-0.885473535
84	-0.938534553
85.2	-1.068251166
86.4	-1.21564577
87.6	-1.332362427
88.8	-1.407650872
90	-1.441881152
91.2	-1.442210103
92.4	-1.405251564
93.6	-1.332676669
94.8	-1.252122359
96	-1.197687591
97.2	-1.216962843
98.4	-1.303612423
99.6	-1.430792058
100.8	-1.512907468
102	-1.496247762
103.2	-1.33075135
104.4	-1.014502587
105.6	-0.556714254
106.8	0.011832197
108	0.653397321
109.2	1.315633764
110.4	1.950034049
111.6	2.525762935
112.8	3.0375782
114	3.481190972
115.2	3.847800989
116.4	4.091987092
117.6	4.179780121
118.8	4.090474061
120	3.865887048
121.2	3.582826839
122.4	3.339695209
123.6	3.192293265
124.8	3.143823605
126	3.135767799
127.2	3.079130564
128.4	2.884269676
129.6	2.501614382
130.8	1.920119563
132	1.184388388
133.2	0.365994592
134.4	-0.424285418
135.6	-1.108856197
136.8	-1.618224147
138	-1.955777143
139.2	-2.145659469
140.4	-2.227756095
141.6	-2.209209105
142.8	-2.058373849
144	-1.750770601
145.2	-1.279009292
146.4	-0.739794013
147.6	-0.228863193
148.8	0.118351325
150	0.299576199
151.2	0.355350606
152.4	0.424762381
153.6	0.575663366
154.8	0.832692192
156	1.130617083
157.2	1.396256691
158.4	1.58316733
159.6	1.683524707
160.8	1.715846151
162	1.668892564
163.2	1.521299654
164.4	1.221611205
165.6	0.753709735
166.8	0.125181622
168	-0.594783663
169.2	-1.327823987
170.4	-1.961263524
171.6	-2.429612041
172.8	-2.67692714
174	-2.709662617
175.2	-2.553511112
176.4	-2.284589274
177.6	-1.966813357
178.8	-1.675058425
180	-1.434852995
181.2	-1.249246385
182.4	-1.074554645
183.6	-0.88268678
184.8	-0.649637731
186	-0.403471412
187.2	-0.176792382
188.4	-0.019086903
189.6	0.064969677
190.8	0.092862465
192	0.125349124
193.2	0.210126982
194.4	0.385991572
195.6	0.633806285
196.8	0.904279521
198	1.105740894
199.2	1.168532972
200.4	1.02967897
201.6	0.693757347
202.8	0.195287668
204	-0.370002652
205.2	-0.920203433
206.4	-1.354864934
207.6	-1.63450001
208.8	-1.737569951
210	-1.686759194
211.2	-1.499846465
212.4	-1.193064553
213.6	-0.756916585
214.8	-0.176219583
216	0.554170165
217.2	1.415420408
218.4	2.347688391
219.6	3.277478815
220.8	4.127922227
222	4.840601397
223.2	5.389684772
224.4	5.770573297
225.6	5.991913942
226.8	6.063799534
228	5.990244357
229.2	5.771403586
230.4	5.404796997
231.6	4.902107288
232.8	4.283828201
234	3.605145376
235.2	2.91285893
236.4	2.265192066
237.6	1.67508033
238.8	1.13909524
240	0.612354566
241.2	0.061438307
242.4	-0.55001601
243.6	-1.225195234
244.8	-1.955075661
246	-2.698190632
247.2	-3.404861238
248.4	-4.002071346
249.6	-4.425489755
250.8	-4.63342235
252	-4.633747191
253.2	-4.476576243
254.4	-4.251403643
255.6	-4.040910225
256.8	-3.900108891
258	-3.838242287
259.2	-3.828832237
260.4	-3.82129602
261.6	-3.771283335
262.8	-3.652465377
264	-3.465973601
265.2	-3.22691273
266.4	-2.957957206
267.6	-2.662100446
268.8	-2.334146483
270	-1.952230518
271.2	-1.514503228
272.4	-1.029444298
273.6	-0.535800446
274.8	-0.065353011
276	0.348692597
277.2	0.702065297
278.4	0.999487068
279.6	1.249857493
280.8	1.449137418
282	1.568842669
283.2	1.575892173
284.4	1.436462422
285.6	1.151239469
286.8	0.739684104
288	0.256328199
289.2	-0.252380081
290.4	-0.740747638
291.6	-1.180868652
292.8	-1.555840125
294	-1.851217878
295.2	-2.047235049
296.4	-2.118006591
297.6	-2.012518232
298.8	-1.709137075
300	-1.20777734