gID15-M2+ML-C-15-ABBA3ave.slp
Rc (m)	SLP err rms (urad) 	HGT err rms (nm)	PV profile (um)	PV HGT err (nm)
-469152.084158	0.157758	1.300303	0.046457	5.423531
x (mm)	slope error (urad)	x (mm)	HGT error (nm)	HGT  (um)
-135.000003	-0.012686
-134.000003	-0.095376
-133.000003	-0.177818
-132.000003	-0.235655
-131.000003	-0.274494
-130.000003	-0.294181
-129.000003	-0.280374
-128.000003	-0.234380
-127.000003	-0.176768
-126.000003	-0.113250
-125.000003	-0.035995
-124.000003	0.040838
-123.000003	0.087765
-122.000003	0.105629
-121.000003	0.107982
-120.000003	0.078350
-119.000003	0.030051
-118.000003	0.024124
-117.000003	0.054633
-116.000003	0.064176
-115.000003	0.063997
-114.000003	0.096351
-113.000003	0.142433
-112.000003	0.172268
-111.000003	0.193307
-110.000003	0.209944
-109.000003	0.210937
-108.000003	0.209760
-107.000003	0.218855
-106.000003	0.237255
-105.000003	0.244307
-104.000003	0.239637
-103.000003	0.220656
-102.000003	0.185286
-101.000003	0.156380
-100.000003	0.154434
-99.000003	0.182097
-98.000003	0.207482
-97.000003	0.214103
-96.000003	0.218733
-95.000003	0.223623
-94.000003	0.232383
-93.000003	0.234244
-92.000003	0.194794
-91.000003	0.113557
-90.000003	0.048621
-89.000003	0.001070
-88.000003	-0.058371
-87.000003	-0.108391
-86.000003	-0.144362
-85.000003	-0.189229
-84.000003	-0.218385
-83.000003	-0.220345
-82.000003	-0.213088
-81.000003	-0.189851
-80.000003	-0.148171
-79.000003	-0.099396
-78.000003	-0.044471
-77.000003	-0.003820
-76.000003	0.019081
-75.000003	0.007496
-74.000003	-0.007361
-73.000003	-0.016777
-72.000003	-0.054209
-71.000003	-0.103145
-70.000003	-0.131312
-69.000003	-0.131370
-68.000003	-0.114654
-67.000003	-0.109176
-66.000003	-0.120061
-65.000003	-0.119530
-64.000003	-0.113542
-63.000003	-0.123978
-62.000003	-0.147292
-61.000003	-0.159345
-60.000003	-0.155806
-59.000003	-0.124701
-58.000003	-0.052622
-57.000003	0.036712
-56.000003	0.086753
-55.000003	0.082277
-54.000003	0.063270
-53.000003	0.067735
-52.000003	0.089812
-51.000003	0.086570
-50.000003	0.048896
-49.000003	0.018391
-48.000003	0.017441
-47.000003	-0.006896
-46.000003	-0.075508
-45.000003	-0.187490
-44.000003	-0.289477
-43.000003	-0.337656
-42.000003	-0.293547
-41.000003	-0.188090
-40.000003	-0.079206
-39.000003	0.037592
-38.000003	0.129593
-37.000003	0.172898
-36.000003	0.183473
-35.000003	0.151100
-34.000003	0.072244
-33.000003	-0.004314
-32.000003	-0.065922
-31.000003	-0.097485
-30.000003	-0.108465
-29.000003	-0.085568
-28.000003	-0.026702
-27.000003	0.023477
-26.000003	0.063041
-25.000003	0.094878
-24.000003	0.096164
-23.000003	0.073293
-22.000003	0.042192
-21.000003	-0.017595
-20.000003	-0.076713
-19.000003	-0.125319
-18.000003	-0.171917
-17.000003	-0.184540
-16.000003	-0.150294
-15.000003	-0.118990
-14.000003	-0.080558
-13.000003	-0.045363
-12.000003	-0.038973
-11.000003	-0.042872
-10.000003	-0.073659
-9.000003	-0.118923
-8.000003	-0.152963
-7.000003	-0.133928
-6.000003	-0.073172
-5.000003	-0.014966
-4.000003	0.056505
-3.000003	0.118265
-2.000003	0.158661
-1.000003	0.180017
-0.000003	0.142383
0.999997	0.068463
1.999997	-0.014280
2.999997	-0.127313
3.999997	-0.243310
4.999997	-0.327909
5.999997	-0.312314
6.999997	-0.181049
7.999997	-0.053210
8.999997	0.033035
9.999997	0.172215
10.999997	0.358438
11.999997	0.445681
12.999997	0.421281
13.999997	0.349924
14.999997	0.262936
15.999997	0.186038
16.999997	0.106655
17.999997	0.021911
18.999997	-0.051340
19.999997	-0.106703
20.999997	-0.128168
21.999997	-0.111155
22.999997	-0.090668
23.999997	-0.045014
24.999997	0.010718
25.999997	0.040270
26.999997	0.052439
27.999997	0.059640
28.999997	0.042509
29.999997	0.003538
30.999997	-0.033019
31.999997	-0.072536
32.999997	-0.048715
33.999997	-0.022785
34.999997	-0.024273
35.999997	-0.025857
36.999997	-0.048828
37.999997	-0.043580
38.999997	-0.047579
39.999997	-0.050962
40.999997	-0.066597
41.999997	-0.084575
42.999997	-0.085785
43.999997	-0.055899
44.999997	-0.001594
45.999997	-0.011893
46.999997	-0.074133
47.999997	-0.054529
48.999997	0.025649
49.999997	0.089979
50.999997	0.094962
51.999997	0.043043
52.999997	0.004453
53.999997	-0.009214
55.000003	-0.019175
56.000003	0.016955
57.000003	0.102574
58.000003	0.199467
59.000003	0.295341
60.000003	0.372412
61.000003	0.393364
62.000003	0.341525
63.000003	0.188252
64.000003	0.020805
65.000003	-0.032072
66.000003	-0.026649
67.000003	-0.086799
68.000003	-0.145360
69.000003	-0.148029
70.000003	-0.132992
71.000003	-0.138400
72.000003	-0.124773
73.000003	-0.090697
74.000003	-0.026517
75.000003	0.053401
76.000003	0.158792
77.000003	0.256897
78.000003	0.326512
79.000003	0.345269
80.000003	0.320023
81.000003	0.279940
82.000003	0.214589
83.000003	0.121086
84.000003	0.038320
85.000003	-0.041786
86.000003	-0.103535
87.000003	-0.153459
88.000003	-0.193643
89.000003	-0.194797
90.000003	-0.155346
91.000003	-0.104704
92.000003	-0.086428
93.000003	-0.079749
94.000003	-0.078005
95.000003	-0.089836
96.000003	-0.106159
97.000003	-0.131863
98.000003	-0.138824
99.000003	-0.140714
100.000003	-0.153213
101.000003	-0.160603
102.000003	-0.152876
103.000003	-0.125762
104.000003	-0.073228
105.000003	-0.024057
106.000003	-0.036698
107.000003	-0.083386
108.000003	-0.074247
109.000003	-0.104425
110.000003	-0.169359
111.000003	-0.214192
112.000003	-0.218699
113.000003	-0.218271
114.000003	-0.219800
115.000003	-0.184231
116.000003	-0.137608
117.000003	-0.109655
118.000003	-0.093348
119.000003	-0.074783
120.000003	-0.066470
121.000003	-0.068731
122.000003	-0.091778
123.000003	-0.098167
124.000003	-0.079567
125.000003	-0.026378
126.000003	0.056049
127.000003	0.152863
128.000003	0.221262
129.000003	0.263944
130.000003	0.328650
131.000003	0.374742
132.000003	0.365473
133.000003	0.316365
134.000003	0.255944
135.000003	0.190578