Entry    shape       Length[mm]  slp_err [urad]  hgt_err [um]
  1         plane           1200.00 0.49         43.85
  2         plane           360.00  0.15         4.46
  3     spherical           118.00  0.17         1.56
  4    elliptical           32.00   0.13         0.22
  5     spherical           429.00  0.84         31.90
  6    elliptical           200.00  1.01         2.98
  7         plane           99.00   0.58         0.51
  8         plane           97.00   0.57 ( 0.67) 4.05     ( 0.28)
  9         plane           97.00   0.44 ( 0.61) 3.52     ( 0.41)
 10         plane           442.00  0.23 ( 0.23) 6.20     ( 3.05)
 11         plane           445.00  0.23 ( 0.23) 6.59     ( 3.23)
 12         plane           442.00  0.32 ( 0.32) 2.86     ( 2.51)
 13     spherical           114.00  1.30 ( 1.51) 8.97     (10.86)
 14     spherical           240.00  1.15 ( 1.05) 23.28    (15.37)
 15      toroidal           800.00  2.13 ( 2.13) 170.87   (97.36)
 16      toroidal           239.00  1.85 ( 1.86) 54.78    (36.54)
 17      toroidal           495.00  2.27 ( 2.40) 61.54    (47.58)
 18   cylindrical           330.00  0.12 ( 0.12) 1.83
 19    elliptical           350.00  0.14 ( 0.06) 7.25
 20    elliptical           121.00  0.45 ( 0.50) 3.40
 21    elliptical           430.00  0.43 ( 0.50) 6.05
 22   cylindrical           1130.00 5.32 ( 5.00) 400.82
 23         plane           127.00  0.18 ( 0.18) 2.17
 24         plane           774.00  0.20 ( 0.20) 5.35
 25         plane           200.00  0.07 ( 0.07) 1.47      ( 1.33)
 26     spherical           948.00  0.86         94.52
 27      Toroidal           289.00  1.86 ( 1.80) 41.98
 28         Plane           439.00  0.95 ( 0.93) 51.73
 29     Spherical           185.00  0.60 ( 0.55) 5.22
 30         Plane           480.00  0.89         37.00
 31         Plane           299.00  0.56         14.93
 32         Plane           299.00  1.33         61.28
 33         Plane           390.00  0.29         6.80
 34         Plane           239.00  0.44         11.66
 35         Plane           239.00  0.45         6.93
 36         Plane           239.00  0.48         7.74
 37     Spherical           1000.00 0.32         11.95
 38     Spherical           1000.00 0.53         44.99
 39  Elliptical(Unbent)     1000.00 0.34         20.41
 40  Elliptical(Unbent)     1000.00 0.35         22.64
 41     Spherical           700.00  0.44 ( 0.00) 16.34      ( 0.00)
 42  Elliptical(Detrended)  900.00  1.78         174.91
 43  Toroid(Unbent)         598.00  0.92         16.99
 44  Toroid(Unbent)         598.00  1.95         25.98
 45      toroidal           1300.00 0.78 ( 0.78) 101.37     (62.00)
 46      toroidal           1300.00 0.75 ( 0.75) 89.86      (55.00)
 47      toroidal           1300.00 0.86 ( 0.86) 101.70     (64.00)
 48      toroidal           1200.00 0.80 ( 0.80) 80.45      (34.00)
 49      toroidal           1200.00 1.50 ( 1.47) 186.95     (130.00)
 50      toroidal           1200.00 0.49 ( 0.49) 34.44      (27.00)
 51         plane           190.00  0.38 ( 0.40) 8.14       ( 5.50)
 52         plane           190.00  0.61 ( 0.60) 10.09      ( 5.50)
 53         plane           140.00  0.34 ( 0.33) 5.41       ( 3.00)
 54         plane           140.00  0.38 ( 0.38) 4.25       ( 2.10)
 55  Toroid(Unbent)         900.00  1.60         153.30
 56  Toroid(Unbent)         600.00  0.53         18.15
 57  Toroid(Unbent)         700.00  0.74         41.71
 58         Plane           220.00  0.17         1.12
 59         Plane           220.00  0.19         1.38
 60         Plane           220.00  0.23         2.14
 61         Plane           220.00  0.19         1.37
 62    Elliptical           90.00   0.51         0.65
 63    Elliptical           47.00   0.91         2.24
 64    Elliptical           240.00  0.75 ( 0.00) 19.65
 65    Elliptical           240.00  0.69 ( 0.00) 17.80
 66    Elliptical           480.00  1.77 ( 0.00) 51.57
 67    Elliptical           480.00  1.53 ( 0.00) 47.34
 68    Elliptical           480.00  1.52 ( 0.00) 35.91
 69    Elliptical           240.00  0.45 ( 0.00) 11.56   ( 0.00)
 70    Elliptical           240.00  0.58 ( 0.00) 15.10   ( 0.00)
 71         Plane           968.00  0.26         5.45
 72         Plane           968.00  0.30         4.43
 73         Plane           968.00  0.20         3.56
 74         Plane           968.00  0.23         5.36
 75         Plane           972.00  0.27         3.11
 76         Plane           972.00  0.23         5.70
 77         Plane           972.00  0.27         5.60
 78         Plane           972.00  0.19         4.57
 79   cylindrical           269.00  0.16 ( 0.16) 1.25     ( 0.99)
 80   cylindrical           270.00  0.16 ( 0.16) 1.34     ( 0.99)
 81  elliptical(detrended)  170.00  0.59         10.38
 82  elliptical(detrended)  200.00  0.31         5.60
 83             1           500.00  0.15         1.58
 84             1           294.00  0.18         2.30
 85             1           444.00  0.33         5.29
 86             1           294.00  0.18         1.65
 87             1           444.00  0.16         6.18
 88             1           294.00  0.17         2.47
 89             1           444.00  0.13         5.16
 90             1           234.00  0.07         1.07
 91             1           849.00  0.62         7.04
 92             1            80.00  0.99         8.32
 93             1            80.00  0.25         2.17
 94     spherical           120.00  0.16 ( 0.16) 2.07   ( 0.17)
 95  elliptical(detrended)  59.00   0.36 ( 0.37) 0.48   ( 0.47)
 96  elliptical(detrended)  25.00   0.40 ( 0.40) 0.35   ( 0.39)
