Plane Mirror M1_1 	
Scan Length = 96 mm	
measurement step = 1mm	
sphere removed R = 19398 m
	x(mm)			Height (nm)
        802.0000000000000        0.000000000000000
        803.0000000000000       0.7412984150911260
        804.0000000000000        1.723187481606811
        805.0000000000000        2.244083277637723
        806.0000000000000        2.770332543906517
        807.0000000000000        3.833765174002215
        808.0000000000000        4.897145878112727
        809.0000000000000        5.575827257050966
        810.0000000000000        6.120305281066107
        811.0000000000000        6.935891534630808
        812.0000000000000        7.353743672268917
        813.0000000000000        7.817636900784710
        814.0000000000000        8.535475946445048
        815.0000000000000        8.868615666933113
        816.0000000000000        8.846936615732867
        817.0000000000000        8.406859263320461
        818.0000000000000        7.961641238375172
        819.0000000000000        7.512239940503703
        820.0000000000000        6.952160495943923
        821.0000000000000        6.968365062183703
        822.0000000000000        6.944146731473866
        823.0000000000000        6.442722666900345
        824.0000000000000        5.739704745904548
        825.0000000000000        4.581732249997785
        826.0000000000000        3.204362735332398
        827.0000000000000        1.947420908224383
        828.0000000000000        1.025483489865146
        829.0000000000000       0.2207960864386918
        830.0000000000000      -0.6735886287151348
        831.0000000000000       -1.576287963736135
        832.0000000000000       -2.788983377574352
        833.0000000000000       -3.845011479831760
        834.0000000000000       -4.566988847656797
        835.0000000000000       -5.469899611908836
        836.0000000000000       -6.180536739907368
        837.0000000000000       -6.359708824687137
        838.0000000000000       -6.695018773667346
        839.0000000000000       -6.768440586586689
        840.0000000000000       -6.092642962471275
        841.0000000000000       -5.690918442825009
        842.0000000000000       -5.842693602354922
        843.0000000000000       -5.894384884647365
        844.0000000000000       -5.763022624174993
        845.0000000000000       -5.621538521882706
        846.0000000000000       -5.012489280861173
        847.0000000000000       -3.988326988512737
        848.0000000000000       -3.010946663653393
        849.0000000000000       -2.409049295767927
        850.0000000000000       -1.917513424895403
        851.0000000000000       -1.459408081082282
        852.0000000000000       -1.229916124226179
        853.0000000000000      -0.8002044869099487
        854.0000000000000      -0.3088763199781651
        855.0000000000000      -0.2524755673128168
        856.0000000000000      -0.3382242137771850
        857.0000000000000      -0.4500906424450765
        858.0000000000000      -0.3522006474887783
        859.0000000000000      -0.3751625670258898
        860.0000000000000      -0.4592115687981901
        861.0000000000000      -0.3595700031646422
        862.0000000000000      -0.6919948288483108
        863.0000000000000       -1.115707665216795
        864.0000000000000       -1.558862563573959
        865.0000000000000       -1.770643178704959
        866.0000000000000       -1.786972484957863
        867.0000000000000       -2.193406512606109
        868.0000000000000       -2.950844614677040
        869.0000000000000       -3.735354173267900
        870.0000000000000       -4.239852058495877
        871.0000000000000       -3.908029494220759
        872.0000000000000       -3.112773138157388
        873.0000000000000       -2.706667829172952
        874.0000000000000       -2.498025029669795
        875.0000000000000       -2.541204175683074
        876.0000000000000       -2.543747627041737
        877.0000000000000       -2.480859851519222
        878.0000000000000       -2.560754774477161
        879.0000000000000       -2.452190758447218
        880.0000000000000       -1.849042073153284
        881.0000000000000      -0.9115222784613110
        882.0000000000000      -0.4184666411998356
        883.0000000000000      -0.2099782511782756
        884.0000000000000      -0.1484076318684635
        885.0000000000000      -0.2045075291371747
        886.0000000000000      -0.3146984134605596
        887.0000000000000      -0.2567778944062605
        888.0000000000000      -0.1194376834000588
        889.0000000000000      -0.3486769855544115
        890.0000000000000      -0.3249278701709241
        891.0000000000000      -0.4957802413194968
        892.0000000000000       -1.036389798253212
        893.0000000000000       -1.166017650801019
        894.0000000000000       -1.621220746194210
        895.0000000000000       -2.919523863275712
        896.0000000000000       -3.601484922978293
        897.0000000000000       -3.687451460912157
        898.0000000000000       -3.234010636710940
        899.0000000000000       -1.909600437940633
        900.0000000000000      -0.7575368414593741
