Plane Mirror M1_4 	
Scan Length = 96 mm	
measurement step = 1mm
sphere removed R = 27484 m	
	x(mm)			Slope (urad)
        802.0000000000000      -0.6189989035176104
        803.0000000000000      -0.5008847003029673
        804.0000000000000      -0.3376323963052951
        805.0000000000000      -0.3261211002714391
        806.0000000000000      -0.3919617319948464
        807.0000000000000      -0.2924988155411703
        808.0000000000000      -0.2280039573557246
        809.0000000000000      0.06113335640757268
        810.0000000000000      0.08451342733232826
        811.0000000000000      0.08564109754093802
        812.0000000000000      -0.1018476471153102
        813.0000000000000      0.07539188018965369
        814.0000000000000      -0.1383750622319449
        815.0000000000000     -0.07070128965847716
        816.0000000000000      -0.4101421420621212
        817.0000000000000     -0.01292173910611566
        818.0000000000000      -0.1283559188095136
        819.0000000000000     -0.09819333601469166
        820.0000000000000      -0.1511072104024361
        821.0000000000000      -0.1603631660190737
        822.0000000000000     -0.04013299791490524
        823.0000000000000      -0.2960751935688239
        824.0000000000000      -0.3812028949308014
        825.0000000000000      -0.3993598108338962
        826.0000000000000      -0.1877880081383072
        827.0000000000000       0.3760075087499900
        828.0000000000000       0.6058059151125202
        829.0000000000000       0.7654571051550126
        830.0000000000000       0.6684631124290012
        831.0000000000000       0.2849421416870901
        832.0000000000000     0.006961128627470716
        833.0000000000000      -0.1483137890545445
        834.0000000000000      -0.2052559440183603
        835.0000000000000      0.02008949867407517
        836.0000000000000      0.02715031456470192
        837.0000000000000      0.04268989117462799
        838.0000000000000      -0.3115850671974914
        839.0000000000000      -0.3087611481396487
        840.0000000000000      -0.1768733049281601
        841.0000000000000       0.5530751263252698
        842.0000000000000       0.4011902228148549
        843.0000000000000       0.5203599249473945
        844.0000000000000      -0.1585889840968758
        845.0000000000000      -0.3047493581819876
        846.0000000000000      -0.4981712485202528
        847.0000000000000      -0.1969540600824764
        848.0000000000000       0.2381997322193340
        849.0000000000000       0.3571608180951598
        850.0000000000000       0.2398217732858150
        851.0000000000000       0.1563903207730706
        852.0000000000000       0.1581537738592845
        853.0000000000000    -0.002632089937588724
        854.0000000000000       0.1366740480215703
        855.0000000000000       0.3060705974848391
        856.0000000000000       0.3141918793470947
        857.0000000000000       0.5569170430452866
        858.0000000000000       0.4592872674416699
        859.0000000000000       0.4737663780799671
        860.0000000000000       0.1650542035849037
        861.0000000000000      -0.1932465518364202
        862.0000000000000      -0.1630839690415983
        863.0000000000000      -0.5381261790642101
        864.0000000000000      -0.5162312572051080
        865.0000000000000      -0.1921258851735816
        866.0000000000000     0.003337762271458008
        867.0000000000000       0.2180884793550678
        868.0000000000000     -0.07197240837903084
        869.0000000000000       0.5854967748275240
        870.0000000000000        1.227707168971579
        871.0000000000000        1.747208984211164
        872.0000000000000        1.278068424776268
        873.0000000000000       0.7877359305968565
        874.0000000000000       0.4563491558184872
        875.0000000000000       0.2730997915218886
        876.0000000000000       0.2776174759020987
        877.0000000000000       0.2128348266234546
        878.0000000000000       0.3250134006292140
        879.0000000000000       0.4759747301688276
        880.0000000000000       0.5023226156980245
        881.0000000000000      0.07916952323420989
        882.0000000000000      -0.2147060617655137
        883.0000000000000      -0.1086742167522164
        884.0000000000000       0.1571527138501718
        885.0000000000000     -0.07590129820999696
        886.0000000000000      -0.4602691516130917
        887.0000000000000      -0.6721287454018778
        888.0000000000000      -0.5222278818338930
        889.0000000000000      -0.2898888274878118
        890.0000000000000      -0.1573676849255847
        891.0000000000000      -0.3423108145445506
        892.0000000000000      -0.3348253155598992
        893.0000000000000      -0.5093848193536190
        894.0000000000000      -0.4262411579340717
        895.0000000000000      -0.6512386088421025
        896.0000000000000      -0.5333379889379055
        897.0000000000000      -0.2435648922970041
        898.0000000000000      -0.5266321683774569
        899.0000000000000      -0.5810311918308548
        900.0000000000000      -0.7093946123967811
