Plane Mirror M1_1 	
Scan Length = 96 mm	
measurement step = 1mm
sphere removed R = 27484 m	
	x(mm)			Height (nm)
        802.0000000000000        0.000000000000000
        803.0000000000000      -0.4985875124580534
        804.0000000000000      -0.9404151111536991
        805.0000000000000       -1.257775644912394
        806.0000000000000       -1.494217757323155
        807.0000000000000       -2.017539359553127
        808.0000000000000       -2.284466466216418
        809.0000000000000       -2.274971916668497
        810.0000000000000       -2.267845260975355
        811.0000000000000       -2.065996290606567
        812.0000000000000       -2.019740129358598
        813.0000000000000       -2.292155085336913
        814.0000000000000       -2.105679940995052
        815.0000000000000       -2.114214902422034
        816.0000000000000       -2.605769613172547
        817.0000000000000       -2.826945088575950
        818.0000000000000       -2.748810724174390
        819.0000000000000       -2.817686100045990
        820.0000000000000       -3.166768970812257
        821.0000000000000       -3.122761543800081
        822.0000000000000       -3.284891664678255
        823.0000000000000       -3.467513216713226
        824.0000000000000       -3.627073831025675
        825.0000000000000       -4.300808797427693
        826.0000000000000       -4.638357275360272
        827.0000000000000       -4.507795559483980
        828.0000000000000       -4.018479546510169
        829.0000000000000       -3.165637139566507
        830.0000000000000       -2.450901029082681
        831.0000000000000       -1.867599220134148
        832.0000000000000       -1.735529258392370
        833.0000000000000       -2.013046123610839
        834.0000000000000       -2.079628210774759
        835.0000000000000       -2.265883858001727
        836.0000000000000       -2.290795791627267
        837.0000000000000       -2.008768490916593
        838.0000000000000       -2.161123549392732
        839.0000000000000       -2.694138555661562
        840.0000000000000       -2.939287813922303
        841.0000000000000       -2.889575228994445
        842.0000000000000       -2.129835823565898
        843.0000000000000       -1.507889790212116
        844.0000000000000       -1.507250007351071
        845.0000000000000       -1.587179412290120
        846.0000000000000       -2.202897303630411
        847.0000000000000       -2.711630917404432
        848.0000000000000       -2.629867375194213
        849.0000000000000       -2.141028795425125
        850.0000000000000       -1.818590091932691
        851.0000000000000       -1.734393488122751
        852.0000000000000       -1.546710654336796
        853.0000000000000       -1.346773949984158
        854.0000000000000       -1.501110962240208
        855.0000000000000       -1.345647717210824
        856.0000000000000      -0.6826569817245439
        857.0000000000000      -0.5707172469923070
        858.0000000000000     -0.03898433362225194
        859.0000000000000       0.8416494840058908
        860.0000000000000       0.8288632212901486
        861.0000000000000       0.9192465388750543
        862.0000000000000       0.7993609616286159
        863.0000000000000       0.2943674399731206
        864.0000000000000      -0.1325686832836584
        865.0000000000000      -0.7821751927753612
        866.0000000000000      -0.7681682735949137
        867.0000000000000      -0.4157508676368438
        868.0000000000000      -0.4500358303355725
        869.0000000000000      -0.5489941671308584
        870.0000000000000       0.3545356820358961
        871.0000000000000        2.269770085363082
        872.0000000000000        3.913380062643256
        873.0000000000000        4.892451795517044
        874.0000000000000        5.368476618422768
        875.0000000000000        5.779507692266272
        876.0000000000000        5.986625216527607
        877.0000000000000        6.194552519558750
        878.0000000000000        6.515186146054601
        879.0000000000000        6.793397557406610
        880.0000000000000        7.396034715755811
        881.0000000000000        7.982632164854880
        882.0000000000000        7.665635765804962
        883.0000000000000        7.192729907958856
        884.0000000000000        7.497561747078285
        885.0000000000000        7.738353511451894
        886.0000000000000        7.314607031419118
        887.0000000000000        6.693306072343652
        888.0000000000000        6.039756665929440
        889.0000000000000        5.523072090565462
        890.0000000000000        5.475131008361094
        891.0000000000000        5.368871897309345
        892.0000000000000        4.773554341360259
        893.0000000000000        4.459426813204419
        894.0000000000000        4.102556694939068
        895.0000000000000        3.370115375428723
        896.0000000000000        2.843207163040158
        897.0000000000000        2.325691798269056
        898.0000000000000        2.204761053576358
        899.0000000000000        1.687911572028467
        900.0000000000000       0.6641967579565887
